sn	mu_obs	err_mu_obs	zcmb	mass_best	mass_low	mass_hhigh	sample
ASAS14ad	35.252	0.198	0.0274	8.61	8.23	8.78	CSPII
ASAS14hp	35.721	0.171	0.0387	9.09	8.98	9.15	CSPII
ASAS14hr	35.771	0.183	0.0327	10.34	10.18	10.45	CSPII
ASAS14hu	34.584	0.215	0.0219	9.93	9.8	10.24	CSPII
ASAS14jc	33.39	0.332	0.0118	9.46	9.32	9.77	CSPII
ASAS14jg	33.969	0.327	0.0143	8.76	8.57	8.88	CSPII
ASAS14jz	33.746	0.267	0.0156	8.23	8.11	8.35	CSPII
ASAS14kd	34.753	0.211	0.0231	10.14	10.03	10.23	CSPII
ASAS14kq	35.82	0.186	0.0326	8.91	8.78	9.11	CSPII
ASAS14lo	34.595	0.271	0.021	9.69	9.47	9.79	CSPII
ASAS14lp	30.471	0.583	0.0062	10.74	10.6	10.91	CSPII
ASAS14lq	34.985	0.289	0.0251	10.65	10.46	10.73	CSPII
ASAS14lt	35.381	0.187	0.0315	10.64	10.56	10.7	CSPII
ASAS14lw	34.903	0.227	0.0203	6.35	6.08	6.72	CSPII
ASAS14me	34.162	0.248	0.0174	9.05	8.91	9.15	CSPII
ASAS14mf	35.509	0.186	0.0302	8.93	8.66	9.03	CSPII
ASAS14mw	35.018	0.193	0.0271	10.68	10.59	10.75	CSPII
ASAS14my	34.474	0.217	0.0217	10.31	10.11	10.74	CSPII
ASAS15aj	33.233	0.327	0.012	11.2	11.05	11.35	CSPII
ASAS15al	35.817	0.241	0.0338	8.07	8.03	8.23	CSPII
ASAS15as	35.199	0.189	0.0298	7.66	7.47	8.01	CSPII
ASAS15ba	34.933	0.205	0.024	7.99	7.83	8.19	CSPII
ASAS15be	34.731	0.219	0.0214	7.8	7.66	8.16	CSPII
ASAS15bm	34.4	0.219	0.0214	10.02	9.89	10.15	CSPII
ASAS15cd	35.721	0.176	0.0354	9.95	9.85	10.02	CSPII
ASAS15da	36.82	0.258	0.0488	10.4	10.23	10.48	CSPII
ASAS15db	33.398	0.341	0.0114	10.11	9.98	10.19	CSPII
ASAS15dd	34.958	0.203	0.0247	10.41	10.31	10.52	CSPII
ASAS15eb	34.435	0.256	0.0173	10.96	10.79	11.4	CSPII
ASAS15fr	35.974	0.246	0.0345	9.98	9.89	10.06	CSPII
ASAS15ga	32.966	0.505	0.0077	10.38	10.18	10.48	CSPII
ASAS15go	34.501	0.234	0.0193	10.18	10.04	10.27	CSPII
ASAS15gr	34.981	0.202	0.0248	8.94	8.82	9.02	CSPII
ASAS15hf	32.92	0.507	0.0072	9.56	9.39	9.97	CSPII
ASAS15hg	35.568	0.243	0.0309	10.42	10.3	10.51	CSPII
ASAS15hx	32.277	0.408	0.0092	7.45	7.06	7.89	CSPII
CSP12J	33.45	0.432	0.0149	10.09	9.97	10.2	CSPII
CSP12N	37.968	0.149	0.0983	7.51	7.32	7.66	CSPII
CSP13aad	37.812	0.245	0.0866	9.65	9.59	9.8	CSPII
CSP13abm	35.519	0.195	0.0275	11.5	11.5	11.5	CSPII
CSP14aaq	35.821	0.183	0.0362	11.08	11.01	11.48	CSPII
CSP14abn	34.702	0.208	0.0233	9.75	9.59	10.24	CSPII
CSP14acl	35.725	0.192	0.0289	11.5	11.5	11.5	CSPII
CSP14adc	35.36	0.184	0.0317	10.81	10.67	11.14	CSPII
CSP15B	34.524	0.223	0.0208	10.95	10.78	11.42	CSPII
CSP15aae	34.141	0.085	0.017	11.14	11.06	11.22	N/A
KISS15m	35.157	0.215	0.0254	9.78	9.67	9.94	CSPII
KISS15n	34.495	0.208	0.024	8.0	7.8	8.17	CSPII
LSQ11bk	36.177	0.173	0.04	6.53	6.5	6.59	CSPII
LSQ11ot	35.929	0.193	0.0273	10.17	10.0	10.22	CSPII
LSQ11pn	35.324	0.185	0.0327	10.7	10.52	10.8	CSPII
LSQ12agq	37.332	0.253	0.0654	9.3	9.29	9.43	CSPII
LSQ12aor	38.532	0.164	0.0946	9.85	9.67	10.15	CSPII
LSQ12bld	37.696	0.153	0.0843	10.55	10.42	10.64	CSPII
LSQ12btn	36.77	0.16	0.0553	10.9	10.84	10.94	CSPII
LSQ12ca	38.169	0.246	0.0995	10.44	10.34	10.64	CSPII
LSQ12cda	38.908	0.463	0.1384	9.82	9.69	9.98	CSPII
LSQ12cdl	38.533	0.247	0.109	8.81	8.79	8.93	CSPII
LSQ13aiz	32.451	0.373	0.0102	8.24	8.12	8.34	CSPII
LSQ13dsm	36.248	0.166	0.042	9.01	8.85	9.14	CSPII
LSQ13ry	35.569	0.185	0.031	9.64	9.54	9.7	CSPII
LSQ13vy	36.28	0.166	0.0421	10.17	10.15	10.33	CSPII
LSQ14ajn	34.826	0.215	0.0222	10.11	9.95	10.3	CSPII
LSQ14gov	37.827	0.151	0.0892	9.02	8.85	9.19	CSPII
LSQ14wp	37.139	0.158	0.0706	7.48	7.23	7.59	CSPII
LSQ15aae	36.859	0.16	0.0518	10.27	10.1	10.46	CSPII
PS1-14ra	35.282	0.188	0.0288	10.65	10.35	10.72	CSPII
PS1-14xw	34.786	0.203	0.0246	11.24	11.11	11.71	CSPII
PS15sv	35.39	0.179	0.0336	8.31	8.2	8.56	CSPII
PTF11pbp	35.347	0.193	0.0277	10.88	10.73	10.97	CSPII
PTF11ppn	36.885	0.49	0.0662	11.02	10.96	11.06	CSPII
PTF11pra	34.052	0.297	0.0167	10.68	10.57	10.75	CSPII
PTF11qnr	33.822	0.276	0.015	10.65	10.38	10.7	CSPII
PTF13duj	34.094	0.269	0.0159	10.73	10.61	10.82	CSPII
PTF13dwl	37.665	0.184	0.0864	8.74	8.42	8.98	CSPII
PTF13ebh	33.452	0.085	0.0125	10.86	10.809999999999999	10.91	N/A
PTF14aje	35.513	0.191	0.0282	10.78	10.64	10.84	CSPII
PTF14fpg	35.808	0.181	0.0328	11.5	11.5	11.5	CSPII
PTF14w	34.731	0.226	0.0201	9.14	8.96	9.3	CSPII
SN2004ef	35.401	0.186	0.0298	10.74	10.63	10.8	CSPI
SN2004eo	33.917	0.279	0.0147	11.16	11.03	11.35	CSPI
SN2004ey	33.925	0.28	0.0146	10.06	9.76	10.41	CSPI
SN2004gs	35.364	0.19	0.0283	10.63	10.57	10.7	CSPI
SN2004gu	36.165	0.171	0.0469	10.02	9.74	10.19	CSPI
SN2005A	34.225	0.243	0.0183	11.19	11.07	11.26	CSPI
SN2005M	35.074	0.198	0.0256	8.8	8.38	8.92	CSPI
SN2005W	32.655	0.466	0.008	9.9	9.75	10.0	CSPI
SN2005ag	37.672	0.153	0.0801	10.9	10.84	10.95	CSPI
SN2005al	33.906	0.301	0.0133	10.49	10.4	10.63	CSPI
SN2005am	32.291	0.418	0.009	10.83	10.68	11.26	CSPI
SN2005be	35.618	0.256	0.0356	10.4	10.25	10.5	CSPI
SN2005bg	34.809	0.275	0.0242	9.91	9.72	10.02	CSPI
SN2005bl	35.144	0.218	0.0251	11.01	10.89	11.2	CSPI
SN2005bo	33.835	0.275	0.015	10.5	10.34	10.65	CSPI
SN2005el	33.95	0.277	0.0149	10.84	10.7	11.24	CSPI
SN2005eq	35.44	0.191	0.0284	10.56	10.44	10.65	CSPI
SN2005hc	36.415	0.165	0.0445	10.6	10.52	10.65	CSPI
SN2005hj	36.649	0.171	0.057	9.32	9.22	9.38	CSPI
SN2005iq	35.753	0.18	0.0329	10.54	10.47	10.6	CSPI
SN2005ir	37.309	0.158	0.0752	9.23	9.12	9.37	CSPI
SN2005kc	33.853	0.292	0.0139	11.06	10.6	11.5	CSPI
SN2005ke	31.477	0.799	0.0045	10.43	10.29	10.61	CSPI
SN2005ki	34.484	0.225	0.0204	10.8	10.62	10.86	CSPI
SN2005ku	36.3	0.267	0.0442	10.04	9.96	10.1	CSPI
SN2005lu	35.578	0.266	0.0313	9.86	9.68	10.03	CSPI
SN2005mc	35.068	0.264	0.026	10.95	10.85	11.1	CSPI
SN2005na	35.019	0.199	0.0268	10.97	10.9	11.05	CSPI
SN2006D	32.746	0.392	0.0096	9.76	9.54	9.85	CSPI
SN2006X	30.657	0.576	0.0063	9.33	9.06	9.43	CSPI
SN2006ax	34.228	0.243	0.018	10.92	10.79	11.04	CSPI
SN2006bd	35.374	0.219	0.0268	10.77	10.6	10.8	CSPI
SN2006bh	33.23	0.365	0.0105	10.43	10.31	10.49	CSPI
SN2006br	35.385	0.32	0.0255	10.97	10.87	11.36	CSPI
SN2006ef	34.355	0.237	0.017	10.35	10.17	10.53	N/A
SN2006ej	34.517	0.279	0.0193	10.63	10.48	10.7	CSPI
SN2006eq	36.412	0.258	0.0484	10.19	9.79	10.65	CSPI
SN2006et	34.759	0.218	0.0216	10.8	10.7	10.88	CSPI
SN2006ev	35.508	0.266	0.0276	10.75	10.65	10.91	CSPI
SN2006fw	37.549	0.241	0.082	9.42	9.32	9.62	CSPI
SN2006gj	35.571	0.196	0.027	10.53	10.36	10.6	CSPI
SN2006gt	36.183	0.17	0.0436	9.93	9.87	9.94	CSPI
SN2006hb	33.766	0.32	0.0153	10.22	10.05	10.39	CSPI
SN2006hx	36.198	0.191	0.0444	10.31	10.12	10.44	CSPI
SN2006is	35.135	0.267	0.0314	7.1	6.68	7.41	CSPI
SN2006kf	34.71	0.222	0.0208	10.82	10.59	10.9	CSPI
SN2006lu	36.585	0.233	0.0544	10.29	10.22	10.37	CSPI
SN2006mr	31.846	0.659	0.0055	11.19	10.79	11.38	CSPI
SN2006ob	36.735	0.16	0.0583	11.26	11.08	11.33	CSPI
SN2006os	35.642	0.248	0.0321	10.81	10.66	10.87	CSPI
SN2006py	36.645	0.167	0.0566	9.1	8.94	9.24	CSPI
SN2007A	34.196	0.261	0.0165	10.57	10.57	10.57	CSPI
SN2007N	33.864	0.295	0.014	10.19	10.1	10.57	CSPI
SN2007S	33.906	0.276	0.015	9.98	9.63	10.16	CSPI
SN2007ai	35.724	0.19	0.032	9.91	9.76	10.18	CSPI
SN2007al	33.912	0.308	0.0133	9.47	9.33	9.91	CSPI
SN2007as	34.155	0.244	0.0179	10.36	10.24	10.43	CSPI
SN2007ax	32.837	0.487	0.0076	10.23	10.13	10.29	CSPI
SN2007ba	35.483	0.177	0.0391	10.99	10.9	11.06	CSPI
SN2007bc	34.682	0.216	0.0218	10.73	10.65	10.78	CSPI
SN2007bd	35.47	0.185	0.0318	10.82	10.68	10.89	CSPI
SN2007bm	32.109	0.496	0.0074	10.27	10.09	10.72	CSPI
SN2007ca	34.215	0.276	0.0151	9.69	9.52	9.74	CSPI
SN2007cg	35.193	0.324	0.0342	10.37	10.33	10.43	CSPI
SN2007hj	33.727	0.309	0.0129	10.45	10.3	10.89	CSPI
SN2007hx	37.614	0.25	0.0789	10.55	10.45	10.62	CSPI
SN2007jd	37.497	0.264	0.0719	10.13	9.93	10.18	CSPI
SN2007jg	36.117	0.174	0.0366	8.1	7.95	8.22	CSPI
SN2007jh	36.23	0.184	0.0403	10.99	10.89	11.04	CSPI
SN2007le	32.064	0.653	0.0055	9.85	9.71	10.16	CSPI
SN2007mm	37.161	0.183	0.0689	11.36	11.36	11.36	CSPI
SN2007nq	36.06	0.166	0.0439	11.21	11.15	11.28	CSPI
SN2007ol	36.951	0.181	0.0549	9.82	9.71	9.93	CSPI
SN2007on	31.4	0.588	0.0062	11.04	10.78	11.45	CSPI
SN2007st	34.305	0.312	0.0207	10.95	10.85	11.4	CSPI
SN2007ux	35.503	0.182	0.032	10.3	10.23	10.34	CSPI
SN2008C	34.125	0.319	0.0171	10.49	10.35	10.55	CSPI
SN2008O	35.996	0.175	0.0393	11.33	11.12	11.59	CSPI
SN2008R	33.628	0.086	0.0129	11.25	11.13	11.37	N/A
SN2008ar	35.166	0.195	0.0272	10.21	10.11	10.28	CSPI
SN2008bc	33.883	0.266	0.0157	10.1	9.95	10.23	CSPI
SN2008bf	34.836	0.203	0.0246	11.4	11.4	11.4	CSPI
SN2008bi	33.949	0.438	0.0144	10.38	10.27	10.48	CSPI
SN2008bq	35.722	0.179	0.0344	10.82	10.74	10.91	CSPI
SN2008bt	33.89	0.258	0.0166	10.85	10.7	10.91	CSPI
SN2008bz	37.012	0.229	0.0613	10.5	10.44	10.56	CSPI
SN2008cc	32.716	0.413	0.0101	10.48	10.4	10.64	CSPI
SN2008cd	32.851	0.693	0.0085	9.54	9.43	9.64	CSPI
SN2008cf	36.103	0.244	0.0468	8.73	8.59	8.97	CSPI
SN2008ff	33.987	0.242	0.0187	10.8	10.8	10.8	CSPI
SN2008fl	34.392	0.278	0.0194	10.94	10.87	11.01	CSPI
SN2008fp	31.657	0.579	0.0063	10.2	10.15	10.63	CSPI
SN2008fr	35.871	0.256	0.0379	7.73	7.58	7.92	CSPI
SN2008fu	36.674	0.279	0.0518	10.72	10.66	10.8	CSPI
SN2008fw	32.882	0.436	0.0095	10.49	10.31	10.61	CSPI
SN2008gg	35.199	0.251	0.0311	10.73	10.63	10.82	CSPI
SN2008gl	35.606	0.179	0.0329	10.86	10.81	10.92	CSPI
SN2008go	36.845	0.16	0.0613	10.94	10.89	11.0	CSPI
SN2008gp	35.486	0.181	0.0328	10.73	10.64	10.79	CSPI
SN2008hj	35.799	0.173	0.0367	10.4	10.2	10.69	CSPI
SN2008hu	36.618	0.244	0.0505	10.99	10.84	11.07	CSPI
SN2008hv	33.737	0.089	0.0136	10.55	10.370000000000001	10.73	N/A
SN2008ia	34.817	0.2	0.0225	10.77	10.27	11.27	N/A
SN2009D	34.941	0.203	0.0247	10.43	10.35	10.5	CSPI
SN2009F	33.929	0.315	0.0129	10.79	10.61	11.22	CSPI
SN2009I	35.391	0.222	0.0254	10.74	10.53	10.88	CSPI
SN2009P	34.919	0.231	0.0263	9.87	9.77	9.95	CSPI
SN2009Y	32.748	0.38	0.0101	10.76	10.66	10.95	CSPI
SN2009aa	35.232	0.191	0.0285	10.6	10.1	10.8	CSPI
SN2009ab	33.514	0.355	0.0109	10.35	10.2	10.78	CSPI
SN2009ad	35.225	0.196	0.0283	10.58	10.5	10.64	CSPI
SN2009ag	33.13	0.408	0.0092	10.2	9.99	10.6	CSPI
SN2009al	34.63	0.222	0.0233	10.72	10.66	10.77	CSPI
SN2009cz	34.806	0.218	0.022	10.75	10.68	10.84	CSPI
SN2009ds	34.309	0.23	0.0205	10.77	10.62	10.97	CSPI
SN2009le	34.09	0.253	0.017	10.84	10.66	11.31	CSPI
SN2011iy	30.451	0.676	0.0053	10.39	10.21	10.83	CSPII
SN2011jh	32.848	0.42	0.0089	10.09	10.02	10.16	CSPII
SN2011jn	36.282	0.279	0.0485	11.35	11.23	11.78	CSPII
SN2011jt	35.086	0.288	0.0285	10.39	10.25	10.52	CSPII
SN2012E	34.503	0.232	0.0194	10.54	10.36	10.73	CSPII
SN2012G	35.228	0.195	0.0268	9.73	9.58	9.84	CSPII
SN2012U	34.468	0.311	0.0193	10.56	10.38	10.74	CSPII
SN2012ah	33.55	0.37	0.0124	11.5	11.5	11.5	CSPII
SN2012aq	36.483	0.228	0.0526	7.77	7.63	8.01	CSPII
SN2012ar	35.228	0.189	0.0285	10.94	10.84	11.02	CSPII
SN2012bl	34.165	0.244	0.0182	10.09	9.85	10.24	CSPII
SN2012bo	35.294	0.197	0.0265	10.32	10.15	10.4	CSPII
SN2012gm	33.827	0.296	0.0136	10.01	9.9	10.08	CSPII
SN2012hd	33.426	0.347	0.0111	10.44	10.38	10.54	CSPII
SN2012hr	32.555	0.47	0.0079	10.32	10.21	10.45	CSPII
SN2012ij	33.458	0.327	0.0121	9.94	9.8	10.11	CSPII
SN2013E	32.69	0.366	0.0105	9.96	9.83	9.99	CSPII
SN2013H	34.138	0.264	0.0159	10.5	10.32	10.6	CSPII
SN2013M	35.512	0.176	0.0357	10.9	10.73	11.04	CSPII
SN2013U	35.772	0.177	0.0357	10.27	10.15	10.31	CSPII
SN2013aa	30.316	0.768	0.0047	9.99	9.85	10.12	CSPII
SN2013aj	32.746	0.378	0.0101	9.99	9.82	10.38	CSPII
SN2013ay	33.395	0.342	0.0157	10.72	10.64	10.82	CSPII
SN2013az	35.789	0.251	0.0375	10.99	10.93	11.07	CSPII
SN2013bc	34.604	0.268	0.0235	10.47	10.28	10.55	CSPII
SN2013bz	34.152	0.229	0.0202	9.98	9.94	10.04	CSPII
SN2013cg	32.58	0.462	0.009	10.13	9.98	10.27	CSPII
SN2013ct	30.643	1.295	0.0027	8.72	8.57	8.89	CSPII
SN2013fy	35.404	0.188	0.0302	10.86	10.77	10.96	CSPII
SN2013fz	34.44	0.223	0.0206	10.69	10.61	10.77	CSPII
SN2013gv	35.698	0.181	0.0335	11.27	11.16	11.56	CSPII
SN2013gy	33.647	0.297	0.0136	9.0	8.98	9.16	CSPII
SN2013hh	34.744	0.339	0.0141	9.59	9.41	9.69	CSPII
SN2013hn	33.945	0.317	0.016	10.99	10.84	11.07	CSPII
SN2014D	34.568	0.446	0.0092	8.26	8.15	8.38	CSPII
SN2014I	35.192	0.185	0.0302	10.9	10.76	11.31	CSPII
SN2014Z	34.574	0.277	0.0209	10.75	10.66	10.81	CSPII
SN2014ao	34.067	0.275	0.015	10.57	10.47	10.74	CSPII
SN2014at	35.464	0.182	0.0315	11.25	11.08	11.4	CSPII
SN2014ba	31.996	0.759	0.005	10.64	10.56	11.06	CSPII
SN2014dn	34.434	0.215	0.0221	10.65	10.58	10.72	CSPII
SN2014eg	33.961	0.242	0.0183	11.62	11.47	11.73	CSPII
SNhunt281	32.324	0.762	0.0047	9.75	9.66	9.85	CSPII
