samp cal     filt      Ho       eHo    sHo   p2.5   p25    p50    p75    p97.5 n_eff     Rhat
All ceph     B         73.54    0.02   1.77  70.13  72.35  73.53  74.72  77.13 8649.0    1.0
All ceph     H         74.54    0.02   1.65  71.35  73.43  74.53  75.64  77.84 6031.0    1.0
All ceph     J         75.31    0.03   1.90  71.69  74.02  75.30  76.57  79.13 5694.0    1.0
All ceph     Y         73.12    0.02   2.22  68.88  71.59  73.07  74.60  77.63 9522.0    1.0
All ceph     g         75.99    0.03   2.98  70.35  73.97  75.92  77.99  81.98  10227    1.0
All ceph     i         73.46    0.02   1.45  70.69  72.49  73.45  74.41  76.37 9202.0    1.0
All ceph     r         72.65    0.02   1.63  69.48  71.56  72.64  73.73  75.88 9458.0    1.0
All ceph     u         74.44    0.03   2.96  68.75  72.42  74.40  76.39  80.47 8625.0    1.0
All sbf      B         70.67    0.02   1.79  67.19  69.47  70.64  71.86  74.24 9150.0    1.0
All sbf      H         68.63    0.03   2.34  64.17  67.06  68.59  70.15  73.35 6294.0    1.0
All sbf      J         69.46    0.03   2.61  64.45  67.67  69.41  71.20  74.70 7781.0    1.0
All sbf      Y         66.18    0.05   3.97  58.59  63.48  66.06  68.83  74.19 6174.0    1.0
All sbf      g         69.46    0.05   3.63  62.66  66.97  69.35  71.84  76.88 5304.0    1.0
All sbf      i         71.63    0.02   1.78  68.23  70.41  71.60  72.81  75.21 9437.0    1.0
All sbf      r         70.80    0.02   1.84  67.27  69.53  70.77  72.03  74.48 9107.0    1.0
All sbf      u         66.97    0.03   3.10  61.03  64.87  66.89  69.02  73.30 8617.0    1.0
All sbfj21   B         76.83    0.02   1.93  73.14  75.49  76.82  78.11  80.69  10245    1.0
All sbfj21   H         78.38    0.03   2.62  73.38  76.62  78.30  80.07  83.66 7711.0    1.0
All sbfj21   J         78.11    0.03   2.81  72.73  76.20  78.09  79.93  83.86  10189    1.0
All sbfj21   Y         75.62    0.04   2.85  70.13  73.69  75.57  77.48  81.29 5746.0    1.0
All sbfj21   g         77.00    0.03   3.12  71.05  74.89  76.93  79.05  83.35 9173.0    1.0
All sbfj21   i         76.90    0.02   1.55  73.97  75.84  76.87  77.94  80.03 8108.0    1.0
All sbfj21   r         75.96    0.02   1.76  72.56  74.75  75.93  77.16  79.47  12378    1.0
All sbfj21   u         74.64    0.03   3.31  68.37  72.37  74.58  76.82  81.35 9201.0    1.0
All trgb     B         70.10    0.02   1.64  66.96  69.00  70.07  71.18  73.34 8258.0    1.0
All trgb     H         70.99    0.02   1.47  68.15  70.00  70.98  71.96  73.95 5747.0    1.0
All trgb     J         72.00    0.02   1.78  68.62  70.78  71.97  73.18  75.60 5596.0    1.0
All trgb     Y         69.58    0.03   2.27  65.20  68.06  69.52  71.05  74.19 7516.0    1.0
All trgb     g         69.80    0.03   2.61  64.82  68.03  69.75  71.54  75.02 9671.0    1.0
All trgb     i         69.57    0.02   1.28  67.15  68.69  69.55  70.41  72.15 7032.0    1.0
All trgb     r         69.46    0.02   1.50  66.59  68.43  69.44  70.45  72.46 9220.0    1.0
All trgb     u         69.98    0.03   2.65  64.93  68.16  69.95  71.77  75.21 7358.0    1.0
CSPI ceph    B        74.09    0.02   1.71  70.78  72.93  74.07  75.23  77.51 8015.0    1.0
CSPI ceph    H        73.49    0.02   1.72  70.15  72.34  73.49  74.62  76.93 8120.0    1.0
CSPI ceph    J        72.87    0.02   1.66  69.67  71.78  72.84  73.95  76.23 7405.0    1.0
CSPI ceph    Y        71.07    0.03   2.10  67.03  69.64  71.02  72.44  75.29 6807.0    1.0
CSPI ceph    g        76.52    0.03   2.81  71.17  74.65  76.46  78.33  82.19 8162.0    1.0
CSPI ceph    i        74.09    0.02   1.62  70.96  72.99  74.07  75.16  77.33 8258.0    1.0
CSPI ceph    r        72.91    0.02   1.63  69.75  71.83  72.89  73.98  76.17 7905.0    1.0
CSPI ceph    u        75.24    0.04   3.06  69.47  73.15  75.19  77.25  81.41 7481.0    1.0
CSPI sbf     B        70.67    0.02   1.81  67.19  69.45  70.63  71.86  74.34 7442.0    1.0
CSPI sbf     H        67.90    0.03   2.29  63.61  66.34  67.84  69.39  72.58 6253.0    1.0
CSPI sbf     J        67.64    0.03   2.28  63.29  66.09  67.61  69.14  72.33 5317.0    1.0
CSPI sbf     Y        65.49    0.05   3.90  58.19  62.80  65.41  68.02  73.48 5394.0    1.0
CSPI sbf     g        69.75    0.04   3.54  63.09  67.32  69.66  72.08  76.96 7010.0    1.0
CSPI sbf     i        72.11    0.03   1.90  68.47  70.80  72.06  73.39  75.94 5504.0    1.0
CSPI sbf     r        70.89    0.02   1.83  67.33  69.66  70.87  72.11  74.57 6729.0    1.0
CSPI sbf     u        67.38    0.04   3.20  61.38  65.20  67.25  69.48  73.94 6545.0    1.0
CSPI sbfj21  B        77.10    0.02   1.90  73.44  75.83  77.08  78.36  80.92 6796.0    1.0
CSPI sbfj21  H        78.12    0.03   2.67  73.07  76.28  78.07  79.90  83.51 6017.0    1.0
CSPI sbfj21  J        76.13    0.03   2.41  71.53  74.48  76.08  77.73  81.07 7349.0    1.0
CSPI sbfj21  Y        75.19    0.03   2.69  70.14  73.37  75.09  76.94  80.78 6573.0    1.0
CSPI sbfj21  g        77.07    0.03   2.94  71.49  75.09  77.01  78.96  83.05 9606.0    1.0
CSPI sbfj21  i        78.01    0.02   1.75  74.60  76.83  77.98  79.16  81.52 6790.0    1.0
CSPI sbfj21  r        76.33    0.02   1.68  73.12  75.22  76.32  77.41  79.71 6955.0    1.0
CSPI sbfj21  u        75.05    0.04   3.44  68.57  72.72  74.95  77.29  81.97 6746.0    1.0
CSPI trgb    B        70.85    0.02   1.56  67.80  69.82  70.84  71.87  73.91 9451.0    1.0
CSPI trgb    H        69.72    0.02   1.42  67.02  68.75  69.70  70.65  72.59 7896.0    1.0
CSPI trgb    J        70.33    0.02   1.42  67.59  69.39  70.31  71.25  73.18 7193.0    1.0
CSPI trgb    Y        68.24    0.03   2.12  64.18  66.81  68.22  69.64  72.48 5926.0    1.0
CSPI trgb    g        70.41    0.03   2.46  65.74  68.76  70.37  72.04  75.40 8054.0    1.0
CSPI trgb    i        70.42    0.02   1.35  67.85  69.52  70.40  71.32  73.09 7628.0    1.0
CSPI trgb    r        69.80    0.01   1.33  67.22  68.92  69.79  70.68  72.47 8908.0    1.0
CSPI trgb    u        70.95    0.03   2.77  65.70  69.05  70.91  72.73  76.69 7576.0    1.0
CSPII ceph   B        73.17    0.02   1.85  69.61  71.88  73.14  74.41  76.91 6809.0    1.0
CSPII ceph   H        75.07    0.02   1.75  71.71  73.90  75.06  76.23  78.56 7406.0    1.0
CSPII ceph   J        76.10    0.03   2.07  72.08  74.72  76.08  77.46  80.16 6581.0    1.0
CSPII ceph   Y        74.09    0.03   2.36  69.57  72.46  74.05  75.66  78.81 8045.0    1.0
CSPII ceph   g        75.59    0.04   3.42  69.12  73.32  75.45  77.81  82.52 7605.0    1.0
CSPII ceph   i        73.13    0.02   1.45  70.29  72.16  73.13  74.09  75.99 5633.0    1.0
CSPII ceph   r        72.47    0.02   1.69  69.25  71.31  72.45  73.59  75.82 5867.0    1.0
CSPII ceph   u        73.18    0.03   3.14  67.28  71.06  73.13  75.23  79.60 9567.0    1.0
CSPII sbf    B        70.30    0.03   1.96  66.55  68.95  70.26  71.60  74.25 5371.0    1.0
CSPII sbf    H        68.92    0.04   2.53  64.16  67.16  68.85  70.60  74.04 5151.0    1.0
CSPII sbf    J        70.39    0.04   2.92  64.90  68.42  70.31  72.30  76.39 4438.0    1.0
CSPII sbf    Y        66.07    0.07   4.15  58.29  63.20  65.97  68.73  74.61 3354.0    1.0
CSPII sbf    g        69.64    0.05   4.24  61.77  66.70  69.49  72.33  78.30 6531.0    1.0
CSPII sbf    i        71.07    0.03   1.79  67.68  69.87  71.03  72.25  74.65 4622.0    1.0
CSPII sbf    r        70.51    0.03   2.01  66.68  69.15  70.46  71.84  74.51 4320.0    1.0
CSPII sbf    u        66.31    0.04   3.49  59.71  63.95  66.22  68.61  73.42 6696.0    1.0
CSPII sbfj21 B        76.61    0.02   2.17  72.47  75.14  76.55  78.02  81.03 7931.0    1.0
CSPII sbfj21 H        78.13    0.03   2.84  72.72  76.22  78.06  79.96  83.91 6627.0    1.0
CSPII sbfj21 J        78.86    0.04   3.18  72.87  76.69  78.76  80.93  85.27 5533.0    1.0
CSPII sbfj21 Y        76.02    0.04   3.03  70.22  73.95  75.95  78.02  82.17 6629.0    1.0
CSPII sbfj21 g        77.44    0.05   3.83  70.27  74.83  77.32  79.95  85.31 6945.0    1.0
CSPII sbfj21 i        76.26    0.02   1.53  73.36  75.22  76.21  77.25  79.34 5806.0    1.0
CSPII sbfj21 r        75.63    0.02   1.84  72.11  74.37  75.60  76.85  79.45 6326.0    1.0
CSPII sbfj21 u        73.98    0.04   3.67  67.02  71.49  73.89  76.34  81.53 6934.0    1.0
CSPII trgb   B        69.64    0.02   1.71  66.36  68.48  69.61  70.79  73.03 5988.0    1.0
CSPII trgb   H        71.90    0.02   1.58  68.86  70.82  71.87  72.94  75.07 8293.0    1.0
CSPII trgb   J        73.04    0.03   2.02  69.25  71.67  72.99  74.37  77.15 5509.0    1.0
CSPII trgb   Y        70.23    0.03   2.43  65.64  68.58  70.17  71.84  75.16 6015.0    1.0
CSPII trgb   g        69.38    0.03   2.87  63.91  67.43  69.26  71.21  75.33 7661.0    1.0
CSPII trgb   i        69.09    0.02   1.24  66.74  68.26  69.08  69.92  71.58 5455.0    1.0
CSPII trgb   r        69.10    0.02   1.53  66.17  68.05  69.07  70.10  72.18 5743.0    1.0
CSPII trgb   u        68.78    0.03   2.79  63.47  66.89  68.69  70.62  74.40 9902.0    1.0
