samp cal filt        Ho       eHo    sHo   p2.5   p25    p50     p75    p97.5  n_eff   Rhat
All ceph      B           73.53    0.02   1.74  70.21  72.36  73.51  74.70  77.02 6333.0    1.0
All ceph      H           75.05    0.02   1.69  71.75  73.90  75.04  76.18  78.43 5940.0    1.0
All ceph      J           73.81    0.02   1.87  70.28  72.52  73.77  75.07  77.56 7534.0    1.0
All ceph      Y           74.02    0.02   2.18  69.82  72.54  73.98  75.46  78.40  10230    1.0
All ceph      g           75.76    0.03   2.95  70.07  73.78  75.71  77.70  81.80  10613    1.0
All ceph      i           72.79    0.02   1.42  70.07  71.82  72.77  73.76  75.61 6464.0    1.0
All ceph      r           72.84    0.02   1.62  69.71  71.74  72.82  73.92  76.10 9416.0    1.0
All ceph      u           73.84    0.03   3.01  68.09  71.78  73.75  75.82  79.94  10232    1.0
All sbf       B           70.94    0.02   1.80  67.52  69.72  70.90  72.14  74.57 7818.0    1.0
All sbf       H           68.82    0.03   2.37  64.29  67.21  68.80  70.38  73.62 4960.0    1.0
All sbf       J           68.54    0.03   2.54  63.69  66.82  68.48  70.19  73.69 7238.0    1.0
All sbf       Y           69.17    0.04   4.02  61.54  66.40  69.07  71.81  77.36 8530.0    1.0
All sbf       g           68.91    0.05   3.50  62.30  66.52  68.85  71.22  75.97 5716.0    1.0
All sbf       i           70.77    0.02   1.68  67.52  69.63  70.74  71.87  74.12 7382.0    1.0
All sbf       r           70.71    0.02   1.82  67.23  69.47  70.66  71.92  74.42 7272.0    1.0
All sbf       u           65.87    0.03   2.97  60.18  63.86  65.79  67.80  71.94 8620.0    1.0
All sbfj21    B           76.84    0.02   1.93  73.12  75.54  76.81  78.10  80.71  11916    1.0
All sbfj21    H           78.98    0.03   2.66  73.85  77.16  78.94  80.76  84.35 7524.0    1.0
All sbfj21    J           77.22    0.03   2.75  72.00  75.31  77.16  79.03  82.72  10058    1.0
All sbfj21    Y           78.17    0.05   2.95  72.55  76.17  78.14  80.13  84.12 4281.0    1.0
All sbfj21    g           76.97    0.04   3.17  70.92  74.82  76.90  79.05  83.32 8109.0    1.0
All sbfj21    i           76.44    0.02   1.48  73.63  75.44  76.41  77.43  79.41 9098.0    1.0
All sbfj21    r           76.18    0.02   1.77  72.78  74.98  76.15  77.35  79.70 9461.0    1.0
All sbfj21    u           72.82    0.03   3.33  66.54  70.55  72.75  74.99  79.64 9823.0    1.0
All trgb      B           70.07    0.02   1.64  66.92  68.97  70.05  71.16  73.35 8773.0    1.0
All trgb      H           71.32    0.02   1.55  68.30  70.28  71.31  72.34  74.38 5474.0    1.0
All trgb      J           70.74    0.02   1.73  67.46  69.55  70.70  71.89  74.17 6073.0    1.0
All trgb      Y           72.16    0.02   2.23  67.88  70.63  72.12  73.64  76.61 8537.0    1.0
All trgb      g           69.59    0.03   2.60  64.71  67.78  69.53  71.30  74.89  10632    1.0
All trgb      i           68.88    0.01   1.21  66.58  68.06  68.87  69.68  71.32 7517.0    1.0
All trgb      r           69.64    0.02   1.51  66.68  68.63  69.63  70.64  72.65 8835.0    1.0
All trgb      u           69.45    0.03   2.75  64.19  67.59  69.40  71.23  75.04 8999.0    1.0
CSPI ceph     B           74.69    0.02   1.69  71.46  73.54  74.65  75.80  78.13 8284.0    1.0
CSPI ceph     H           73.95    0.02   1.76  70.52  72.76  73.92  75.10  77.50 7658.0    1.0
CSPI ceph     J           72.43    0.02   1.66  69.24  71.31  72.42  73.53  75.78 7053.0    1.0
CSPI ceph     Y           71.66    0.02   1.97  67.84  70.34  71.64  72.93  75.62 6186.0    1.0
CSPI ceph     g           76.62    0.03   2.87  71.16  74.66  76.58  78.49  82.43  10651    1.0
CSPI ceph     i           74.02    0.02   1.58  71.00  72.94  74.00  75.08  77.12 8334.0    1.0
CSPI ceph     r           73.50    0.02   1.60  70.37  72.43  73.49  74.55  76.71 7574.0    1.0
CSPI ceph     u           75.53    0.03   3.21  69.42  73.35  75.47  77.67  82.05 8506.0    1.0
CSPI sbf      B           71.09    0.02   1.84  67.58  69.85  71.06  72.28  74.84 7976.0    1.0
CSPI sbf      H           67.83    0.03   2.45  63.25  66.19  67.74  69.41  72.83 5499.0    1.0
CSPI sbf      J           67.44    0.03   2.20  63.28  65.95  67.39  68.89  71.86 5169.0    1.0
CSPI sbf      Y           67.24    0.05   3.91  59.91  64.55  67.13  69.74  75.33 5110.0    1.0
CSPI sbf      g           69.60    0.04   3.48  63.01  67.23  69.52  71.87  76.76 8478.0    1.0
CSPI sbf      i           71.52    0.03   1.88  67.90  70.22  71.50  72.77  75.27 5020.0    1.0
CSPI sbf      r           70.92    0.02   1.84  67.35  69.67  70.90  72.14  74.53 6090.0    1.0
CSPI sbf      u           67.13    0.04   3.21  61.03  64.98  67.05  69.20  73.61 6034.0    1.0
CSPI sbfj21   B           77.26    0.02   1.92  73.60  75.95  77.26  78.53  81.11 6995.0    1.0
CSPI sbfj21   H           78.24    0.03   2.73  73.06  76.38  78.18  79.98  83.75 6413.0    1.0
CSPI sbfj21   J           75.94    0.03   2.46  71.26  74.28  75.89  77.54  80.94 5349.0    1.0
CSPI sbfj21   Y           76.98    0.03   2.64  71.91  75.23  76.97  78.74  82.24 8689.0    1.0
CSPI sbfj21   g           77.32    0.03   3.07  71.51  75.23  77.26  79.30  83.49 8331.0    1.0
CSPI sbfj21   i           77.80    0.02   1.74  74.48  76.62  77.77  78.93  81.32 6876.0    1.0
CSPI sbfj21   r           76.48    0.02   1.72  73.20  75.31  76.43  77.61  79.94 6871.0    1.0
CSPI sbfj21   u           73.83    0.05   3.63  66.98  71.37  73.75  76.17  81.19 6387.0    1.0
CSPI trgb     B           71.39    0.02   1.54  68.44  70.35  71.36  72.41  74.45 7997.0    1.0
CSPI trgb     H           69.79    0.02   1.48  66.93  68.79  69.78  70.77  72.74 9445.0    1.0
CSPI trgb     J           69.95    0.02   1.39  67.27  69.03  69.93  70.87  72.73 8432.0    1.0
CSPI trgb     Y           70.15    0.02   1.89  66.53  68.88  70.13  71.38  73.95 6980.0    1.0
CSPI trgb     g           70.67    0.03   2.48  65.98  68.97  70.62  72.30  75.76 9099.0    1.0
CSPI trgb     i           70.30    0.02   1.36  67.68  69.37  70.28  71.20  73.04 7793.0    1.0
CSPI trgb     r           70.50    0.02   1.39  67.78  69.58  70.51  71.43  73.26 8357.0    1.0
CSPI trgb     u           71.08    0.03   2.85  65.72  69.15  71.02  72.93  76.92 9285.0    1.0
CSPII ceph    B           72.85    0.02   1.80  69.38  71.66  72.83  74.02  76.48 6012.0    1.0
CSPII ceph    H           75.93    0.02   1.77  72.53  74.74  75.91  77.10  79.47 7108.0    1.0
CSPII ceph    J           74.08    0.03   2.02  70.23  72.70  74.06  75.42  78.10 6493.0    1.0
CSPII ceph    Y           75.10    0.03   2.35  70.55  73.49  75.07  76.65  79.87 8700.0    1.0
CSPII ceph    g           74.96    0.04   3.31  68.75  72.69  74.85  77.09  81.78 8816.0    1.0
CSPII ceph    i           72.09    0.02   1.35  69.45  71.21  72.08  72.99  74.78 6046.0    1.0
CSPII ceph    r           72.42    0.02   1.66  69.24  71.29  72.39  73.52  75.73 7144.0    1.0
CSPII ceph    u           71.96    0.03   3.25  65.84  69.73  71.86  74.08  78.57 9369.0    1.0
CSPII sbf     B           70.40    0.03   1.97  66.66  69.06  70.36  71.71  74.40 5799.0    1.0
CSPII sbf     H           69.66    0.04   2.59  64.75  67.90  69.60  71.33  74.95 5100.0    1.0
CSPII sbf     J           69.18    0.03   2.77  63.90  67.31  69.09  70.97  74.85 6444.0    1.0
CSPII sbf     Y           69.42    0.06   4.37  61.27  66.38  69.28  72.22  78.47 4632.0    1.0
CSPII sbf     g           68.74    0.05   4.03  61.41  65.99  68.55  71.26  77.26 7556.0    1.0
CSPII sbf     i           69.97    0.03   1.68  66.69  68.84  69.96  71.08  73.33 4478.0    1.0
CSPII sbf     r           70.34    0.03   1.94  66.62  69.00  70.32  71.65  74.24 5417.0    1.0
CSPII sbf     u           64.73    0.04   3.32  58.50  62.41  64.65  66.90  71.51 8251.0    1.0
CSPII sbfj21  B           76.53    0.03   2.08  72.52  75.10  76.50  77.92  80.66 6255.0    1.0
CSPII sbfj21  H           79.36    0.04   2.89  73.84  77.40  79.30  81.26  85.14 5157.0    1.0
CSPII sbfj21  J           77.82    0.04   3.09  71.94  75.69  77.77  79.82  84.11 5830.0    1.0
CSPII sbfj21  Y           78.89    0.04   3.15  72.88  76.77  78.82  81.00  85.23 7196.0    1.0
CSPII sbfj21  g           76.98    0.04   3.69  70.08  74.47  76.83  79.36  84.59 7712.0    1.0
CSPII sbfj21  i           75.55    0.02   1.47  72.81  74.53  75.51  76.51  78.59 5148.0    1.0
CSPII sbfj21  r           75.88    0.02   1.90  72.33  74.58  75.82  77.12  79.73 6477.0    1.0
CSPII sbfj21  u           71.53    0.04   3.72  64.56  68.99  71.39  73.93  79.20 7224.0    1.0
CSPII trgb    B           69.29    0.02   1.69  66.05  68.15  69.28  70.39  72.70 5406.0    1.0
CSPII trgb    H           72.72    0.02   1.61  69.62  71.65  72.73  73.80  75.88 6611.0    1.0
CSPII trgb    J           71.21    0.02   1.92  67.55  69.88  71.18  72.48  75.08 6214.0    1.0
CSPII trgb    Y           73.06    0.03   2.32  68.66  71.45  73.02  74.61  77.75 7030.0    1.0
CSPII trgb    g           68.87    0.03   2.78  63.56  67.02  68.77  70.64  74.57 7936.0    1.0
CSPII trgb    i           68.18    0.02   1.15  65.97  67.40  68.16  68.94  70.44 5816.0    1.0
CSPII trgb    r           69.15    0.02   1.53  66.16  68.13  69.14  70.13  72.26 6220.0    1.0
CSPII trgb    u           67.50    0.03   2.96  61.88  65.51  67.41  69.43  73.60 9113.0    1.0
