         sn        zhel        zcmb      st     est     Mmax   eMmax      t0    EBVmw   eEBVmw        covMs       BV     eBV    covBV_M      ml       m      mu    host    dist   edist   caltype  
   ASAS14ad      0.0264   0.0274352   1.013   0.004   16.238    0.01    -7.2   0.0159   0.0016    1.146e-05    -0.03   0.011     0.0001    8.23    8.61    8.78     N/A    -1.0    -1.0      none  
   ASAS14hp   0.0388933   0.0386676   1.077    0.01   16.496   0.004    -4.2   0.0295   0.0029    5.043e-06   -0.055   0.005    1.6e-05    8.98    9.09    9.15     N/A    -1.0    -1.0      none  
   ASAS14hr   0.0335967   0.0327196   0.803   0.009   17.081    0.01    -6.1   0.0131   0.0013    3.941e-05    0.053   0.013     0.0001   10.18   10.34   10.45     N/A    -1.0    -1.0      none  
   ASAS14hu   0.0215851   0.0218919    1.05   0.007   15.384   0.005    -6.8   0.0612   0.0061    1.156e-05   -0.052   0.006    2.5e-05     9.8    9.93   10.24     N/A    -1.0    -1.0      none  
   ASAS14jc   0.0113167   0.0117796   0.914   0.005   15.679   0.008    -5.3   0.1346   0.0135    1.325e-05    0.426    0.01    6.4e-05    9.32    9.46    9.77     N/A    -1.0    -1.0      none  
   ASAS14jg   0.0148167    0.014347     1.3   0.017   14.787   0.047     2.6   0.0128   0.0013   -8.079e-06    0.068   0.059   0.002209    8.57    8.76    8.88     N/A    -1.0    -1.0      none  
   ASAS14jz   0.0157891   0.0156168   0.985   0.005   14.622   0.004    -8.5   0.0472   0.0047    3.339e-06   -0.045   0.006    1.6e-05    8.11    8.23    8.35     N/A    -1.0    -1.0      none  
   ASAS14kd      0.0243   0.0230683   1.174   0.007   16.239   0.005    -7.0   0.0574   0.0057    4.629e-07    0.221   0.007    2.5e-05   10.03   10.14   10.23     N/A    -1.0    -1.0      none  
   ASAS14kq   0.0335767   0.0325972   1.157   0.011   16.583   0.008    -5.2   0.0155   0.0016   -1.662e-05   -0.038   0.011    6.4e-05    8.78    8.91    9.11     N/A    -1.0    -1.0      none  
   ASAS14lo   0.0199167   0.0210151    0.95   0.018   15.997   0.049     2.3   0.0282   0.0028   -6.944e-06    0.116   0.061   0.002401    9.47    9.69    9.79     N/A    -1.0    -1.0      none  
   ASAS14lp   0.0050967   0.0062254   1.027   0.004   12.156   0.005   -13.8   0.0213   0.0021    7.726e-06    0.237   0.006    2.5e-05    10.6   10.74   10.91     N/A    -1.0    -1.0      none  
   ASAS14lq   0.0261733   0.0250833   1.005   0.024   16.025   0.063     5.7   0.0275   0.0028   -5.456e-05    0.013   0.078   0.003969   10.46   10.65   10.73     N/A    -1.0    -1.0      none  
   ASAS14lt   0.0320233   0.0314552   0.947   0.008   16.335   0.013    -4.6   0.0474   0.0047     2.33e-05   -0.034   0.016   0.000169   10.56   10.64    10.7     N/A    -1.0    -1.0      none  
   ASAS14lw   0.0208855   0.0202609   1.156   0.009   15.558   0.008    -9.2   0.0117   0.0012   -1.226e-06    -0.01   0.011    6.4e-05    6.08    6.35    6.72     N/A    -1.0    -1.0      none  
   ASAS14me      0.0178    0.017386   1.078   0.005    15.08   0.004   -10.4   0.0175   0.0018    4.622e-06    0.001   0.006    1.6e-05    8.91    9.05    9.15     N/A    -1.0    -1.0      none  
   ASAS14mf     0.03108   0.0301521   0.982   0.005   16.493   0.008    -3.6   0.0125   0.0013    1.314e-05   -0.022   0.011    6.4e-05    8.66    8.93    9.03     N/A    -1.0    -1.0      none  
   ASAS14mw   0.0273867   0.0271207   1.063   0.007   15.841   0.004    -6.6   0.0179   0.0018    6.046e-06   -0.042   0.005    1.6e-05   10.59   10.68   10.75     N/A    -1.0    -1.0      none  
   ASAS14my      0.0205   0.0217279   0.921   0.005   15.565   0.008    -8.2   0.0316   0.0032    1.914e-05    0.007    0.01    6.4e-05   10.11   10.31   10.74     N/A    -1.0    -1.0      none  
   ASAS15aj   0.0109133   0.0120218    0.83   0.007   14.677   0.007    -2.6   0.0656   0.0066    1.946e-06    0.095   0.009    4.9e-05   11.05    11.2   11.35     N/A    -1.0    -1.0      none  
   ASAS15al   0.0337766   0.0337612   1.079   0.027   16.888   0.047     0.4   0.0293   0.0029   -3.818e-05    0.043   0.059   0.002209    8.03    8.07    8.23     N/A    -1.0    -1.0      none  
   ASAS15as   0.0286801   0.0297845   1.077   0.014   16.202   0.006    -1.2   0.0398    0.004   -1.007e-05    0.018   0.008    3.6e-05    7.47    7.66    8.01     N/A    -1.0    -1.0      none  
   ASAS15ba   0.0231167   0.0239771   0.965   0.004   15.979   0.005    -2.0   0.0223   0.0022    7.071e-07      0.0   0.006    2.5e-05    7.83    7.99    8.19     N/A    -1.0    -1.0      none  
   ASAS15be   0.0218833   0.0213892    1.14   0.005   15.628   0.004    -7.2   0.0167   0.0017   -2.388e-06    0.008   0.006    1.6e-05    7.66     7.8    8.16     N/A    -1.0    -1.0      none  
   ASAS15bm   0.0207856   0.0214395   0.989   0.005   15.749   0.007    -7.6    0.069   0.0069    9.619e-06    0.119    0.01    4.9e-05    9.89   10.02   10.15     N/A    -1.0    -1.0      none  
   ASAS15cb     0.04001   0.0411361   1.088   0.052   17.059   0.064     2.0   0.0279   0.0028   -0.0003234    0.102   0.079   0.004096   10.17   10.28    10.4     N/A    -1.0    -1.0      none  
   ASAS15cd   0.0342863   0.0353887   1.001   0.005   16.667   0.007    -3.5   0.0261   0.0026    4.808e-06    -0.03   0.009    4.9e-05    9.85    9.95   10.02     N/A    -1.0    -1.0      none  
   ASAS15da      0.0487   0.0488203   0.851   0.025   17.543   0.062     2.5   0.0303    0.003   -0.0001186   -0.133   0.076   0.003844   10.23    10.4   10.48     N/A    -1.0    -1.0      none  
   ASAS15db     0.01099   0.0113676   0.953   0.003   14.683   0.006    -6.1    0.029   0.0029    6.447e-06    0.078   0.007    3.6e-05    9.98   10.11   10.19     N/A    -1.0    -1.0      none  
   ASAS15dd   0.0243567   0.0247417   0.849   0.006   16.053   0.007    -0.7   0.0461   0.0046   -2.843e-06   -0.017   0.009    4.9e-05   10.31   10.41   10.52     N/A    -1.0    -1.0      none  
   ASAS15eb     0.01647   0.0173082    0.82   0.018   15.207   0.013    -0.8   0.1652   0.0165   -4.154e-05   -0.136   0.016   0.000169   10.79   10.96    11.4     N/A    -1.0    -1.0      none  
   ASAS15fr   0.0334133   0.0345082   0.905   0.021   16.676   0.053     1.4   0.0321   0.0032   -8.091e-06   -0.147   0.066   0.002809    9.89    9.98   10.06     N/A    -1.0    -1.0      none  
   ASAS15ga   0.0066267   0.0076517     0.5   0.031     15.5   0.034    -3.7   0.0236   0.0024    0.0004011    0.421   0.051   0.001156   10.18   10.38   10.48     N/A    -1.0    -1.0      none  
   ASAS15go     0.01891   0.0192546   1.072   0.011   16.067   0.005    -3.9   0.1369   0.0137    5.055e-06    0.214   0.006    2.5e-05   10.04   10.18   10.27     N/A    -1.0    -1.0      none  
   ASAS15gr   0.0242832   0.0247678   1.031   0.006   15.826   0.005    -3.3   0.0823   0.0082    5.913e-06   -0.046   0.006    2.5e-05    8.82    8.94    9.02     N/A    -1.0    -1.0      none  
   ASAS15hf   0.0061733   0.0072452   0.939   0.005   14.003   0.008    -7.8   0.0854   0.0085    1.519e-05    0.004    0.01    6.4e-05    9.39    9.56    9.97     N/A    -1.0    -1.0      none  
   ASAS15hg     0.02975   0.0308678   0.824    0.02   16.882   0.049     1.8    0.041   0.0041   -2.409e-05    0.048   0.061   0.002401    10.3   10.42   10.51     N/A    -1.0    -1.0      none  
   ASAS15hx      0.0083   0.0092051   1.034   0.004   13.147   0.004   -11.1   0.0415   0.0042    7.211e-06   -0.035   0.005    1.6e-05    7.06    7.45    7.89     N/A    -1.0    -1.0      none  
     CSP12G   0.0369744   0.0379661   1.158   0.029   17.202   0.061     9.0   0.0283   0.0028   -0.0001117    0.109   0.075   0.003721    8.29    8.41    8.49     N/A    -1.0    -1.0      none  
     CSP12J     0.01468   0.0149235   0.484   0.025   16.375   0.107     5.1   0.0678   0.0068   -0.0003476    0.555   0.128   0.011449    9.97   10.09    10.2     N/A    -1.0    -1.0      none  
     CSP12N   0.0971328   0.0982741   1.062   0.011   18.591   0.006    -8.9   0.0429   0.0043     2.37e-05    -0.11   0.008    3.6e-05    7.32    7.51    7.66     N/A    -1.0    -1.0      none  
     CSP13N     0.04776   0.0487969   1.145   0.024   16.962   0.053     3.2   0.0238   0.0024   -6.379e-05   -0.015   0.065   0.002809    9.88   10.07   10.24     N/A    -1.0    -1.0      none  
     CSP13Q       0.089   0.0887656   0.768   0.243   18.915   0.069     1.0   0.0287   0.0029    -0.000686   -0.046   0.082   0.004761   10.06   10.25   10.74     N/A    -1.0    -1.0      none  
     CSP13Z   0.0788454   0.0800694   1.215   0.017   18.167   0.009    -7.2   0.0484   0.0048    2.815e-05   -0.026   0.012    8.1e-05    8.25    8.35    8.85     N/A    -1.0    -1.0      none  
   CSP13aad      0.0868   0.0865709   1.193   0.035   18.695   0.059     3.1   0.0206   0.0021   -8.866e-05    0.029   0.073   0.003481    9.59    9.65     9.8     N/A    -1.0    -1.0      none  
   CSP13aaf   0.0775863   0.0787193   1.131   0.015   18.269   0.006    -3.6   0.0222   0.0022   -1.379e-05   -0.056   0.008    3.6e-05   10.53   10.66   11.04     N/A    -1.0    -1.0      none  
   CSP13aam   0.0749481   0.0750921   1.138   0.014   17.801   0.008    -3.2   0.1643   0.0164   -2.655e-05    -0.15   0.011    6.4e-05    8.65    9.05    9.23     N/A    -1.0    -1.0      none  
   CSP13aao   0.0613575   0.0616022     0.7   0.051    18.16   0.072     0.9   0.0444   0.0044    -0.000385    0.123   0.088   0.005184     9.8    9.93   10.09     N/A    -1.0    -1.0      none  
   CSP13abl   0.0403721   0.0406288   0.812    0.05   21.235   0.057    -5.0   0.0862   0.0086    0.0006938    1.061   0.063   0.003249     8.9    8.91    9.04     N/A    -1.0    -1.0      none  
   CSP13abs   0.0771466   0.0783462    1.22   0.018   18.212   0.012    -6.7   0.0208   0.0021     6.91e-05   -0.062   0.016   0.000144    6.23    6.36    6.48     N/A    -1.0    -1.0      none  
   CSP14aaq   0.0359133   0.0361755   0.905   0.015   16.639   0.014    -6.7   0.0524   0.0052    7.266e-05   -0.085   0.021   0.000196   11.01   11.08   11.48     N/A    -1.0    -1.0      none  
   CSP14aar   0.0421708   0.0423854   0.982    0.01   17.079   0.007    -1.0   0.0934   0.0093   -2.139e-06   -0.016   0.009    4.9e-05     8.9    9.07    9.42     N/A    -1.0    -1.0      none  
   CSP14abn      0.0225   0.0232746   1.004   0.004   15.609   0.003    -1.4   0.0747   0.0075    -5.32e-07   -0.036   0.004      9e-06    9.59    9.75   10.24     N/A    -1.0    -1.0      none  
   CSP14acy   0.0663741   0.0660269   1.215   0.035   17.811   0.057     0.2   0.0174   0.0017    -5.06e-05    0.085   0.072   0.003249    7.86    8.19    8.33     N/A    -1.0    -1.0      none  
   CSP14adc     0.03244    0.031651   0.815   0.009   17.159   0.009    -3.1   0.0949   0.0095     1.02e-05    0.219   0.011    8.1e-05   10.67   10.81   11.14     N/A    -1.0    -1.0      none  
   CSP14ade   0.0624568   0.0626358   1.181   0.012    17.69   0.008    -7.6    0.077   0.0077    8.707e-07    0.034   0.011    6.4e-05   10.33   10.49   10.97     N/A    -1.0    -1.0      none  
     CSP15B   0.0198862   0.0208198    0.72   0.006   16.114   0.009    -3.8   0.0641   0.0064    1.903e-05    0.132   0.011    8.1e-05   10.78   10.95   11.42     N/A    -1.0    -1.0      none  
   CSP15aae   0.0161833   0.0169733   0.505   0.005   16.762   0.008    -6.6   0.0226   0.0023    4.715e-06    0.455   0.011    6.4e-05   10.96   11.14   11.26     N/A    -1.0    -1.0      none  
    KISS13j   0.0765333   0.0776331   0.872   0.028   18.859   0.018    -1.4   0.0326   0.0033    3.894e-05    0.132   0.022   0.000324    9.65    9.83   10.21     N/A    -1.0    -1.0      none  
    KISS13l   0.1320086   0.1330018   1.106   0.064   19.518   0.074     1.6   0.0137   0.0014    -0.001119   -0.033   0.088   0.005476    8.32    8.69    8.85     N/A    -1.0    -1.0      none  
    KISS15m     0.02432   0.0253844   0.429   0.009   18.302   0.027    -5.9   0.0277   0.0028    5.385e-05     0.62   0.031   0.000729    9.67    9.78    9.94     N/A    -1.0    -1.0      none  
    KISS15n    0.023084   0.0239783   1.241   0.009   15.507   0.007   -14.2   0.0088   0.0009    2.725e-05    0.102   0.009    4.9e-05     7.8     8.0    8.17     N/A    -1.0    -1.0      none  
    LSQ11bk   0.0402721   0.0400251   1.071   0.015   16.874   0.008    -0.7   0.0936   0.0094   -2.144e-05   -0.079   0.011    6.4e-05     6.5    6.53    6.59     N/A    -1.0    -1.0      none  
    LSQ11ot     0.02732   0.0273222   0.982   0.003   17.876   0.005    -5.3   0.1581   0.0158    5.403e-06    0.318   0.006    2.5e-05    10.0   10.17   10.22     N/A    -1.0    -1.0      none  
    LSQ11pn   0.0326533   0.0326611   0.507   0.008   17.487   0.013    -4.9   0.1457   0.0146    2.401e-05    0.285   0.018   0.000169   10.52    10.7    10.8     N/A    -1.0    -1.0      none  
   LSQ12agq   0.0641556   0.0653581   1.152   0.027    18.44    0.06     5.0   0.0371   0.0037   -9.756e-05    0.084   0.074     0.0036    9.29     9.3    9.43     N/A    -1.0    -1.0      none  
   LSQ12aor   0.0933354   0.0945588   0.827   0.021   19.313   0.021    -3.1   0.0415   0.0042    8.142e-05   -0.088   0.026   0.000441    9.67    9.85   10.15     N/A    -1.0    -1.0      none  
   LSQ12bld   0.0833623    0.084303   0.892    0.01   19.069   0.013    -4.9   0.0233   0.0023    5.819e-05    0.101   0.016   0.000169   10.42   10.55   10.64     N/A    -1.0    -1.0      none  
   LSQ12btn   0.0541733   0.0552706   0.832   0.009   18.233   0.008    -1.7   0.0333   0.0033   -4.146e-06    0.098   0.011    6.4e-05   10.84    10.9   10.94     N/A    -1.0    -1.0      none  
    LSQ12ca      0.0994   0.0995466   1.195   0.041   18.945   0.064     4.5   0.0417   0.0042   -0.0001498   -0.084   0.081   0.004096   10.34   10.44   10.64     N/A    -1.0    -1.0      none  
   LSQ12cda   0.1374948   0.1384035   0.814   0.105   20.191   0.101     4.3   0.0284   0.0028    -0.003702    0.087   0.119   0.010201    9.69    9.82    9.98     N/A    -1.0    -1.0      none  
   LSQ12cdl   0.1079253   0.1090245   0.988   0.045   19.142    0.06     2.4   0.0492   0.0049    0.0001822   -0.143   0.075     0.0036    8.79    8.81    8.93     N/A    -1.0    -1.0      none  
   LSQ12fuk   0.0205857   0.0205571   1.003   0.006   15.674   0.008    -0.2   0.0714   0.0071   -6.362e-06   -0.009   0.012    6.4e-05     8.2    8.34    8.45     N/A    -1.0    -1.0      none  
   LSQ12fvl     0.05593    0.055977    0.61   0.008   18.764   0.012    -4.9   0.0179   0.0018    2.949e-05    0.251   0.016   0.000144   10.55   10.74   10.93     N/A    -1.0    -1.0      none  
   LSQ12fxd     0.03122   0.0313344   1.161   0.006   16.285   0.004    -9.9   0.0217   0.0022   -5.305e-07   -0.008   0.006    1.6e-05   10.16   10.28    10.4     N/A    -1.0    -1.0      none  
   LSQ12gdj   0.0303033   0.0292813   1.167   0.007    15.85   0.005   -11.2   0.0199    0.002    1.562e-07   -0.035   0.007    2.5e-05    8.36    8.66    8.76     N/A    -1.0    -1.0      none  
   LSQ12gln   0.1020294   0.1021611   1.113    0.02   18.968   0.008    -3.9   0.0201    0.002   -3.631e-05   -0.072   0.012    6.4e-05     8.6    8.75    9.07     N/A    -1.0    -1.0      none  
   LSQ12gxj      0.0353    0.034596   1.107   0.009   18.071   0.004    -9.8   0.0571   0.0057    4.188e-06    0.262   0.006    1.6e-05    9.06    9.18    9.31     N/A    -1.0    -1.0      none  
   LSQ12hjm   0.0713506   0.0707978   0.963   0.005   18.293   0.004    -5.8   0.0246   0.0025    1.064e-05   -0.068   0.006    1.6e-05    9.93   10.09   10.25     N/A    -1.0    -1.0      none  
   LSQ12hno   0.0472673   0.0468084   0.989   0.015   17.919   0.008    -1.1   0.0994   0.0099    2.337e-05    0.046    0.01    6.4e-05    7.64     7.7     7.9     N/A    -1.0    -1.0      none  
   LSQ12hnr      0.1243   0.1255265   1.167   0.038   19.404   0.054     2.0   0.0324   0.0032   -0.0001522    0.005   0.067   0.002916    7.93    8.05    8.16     N/A    -1.0    -1.0      none  
   LSQ12hvj   0.0712507   0.0723911   1.206   0.014   18.409   0.007    -5.5   0.0458   0.0046    5.896e-06     0.08   0.009    4.9e-05    8.79    9.05    9.22     N/A    -1.0    -1.0      none  
   LSQ12hxx     0.06936   0.0689135   1.204   0.023   18.235   0.013    -0.8   0.0153   0.0015   -4.058e-05    0.077   0.017   0.000169   10.28   10.45   10.58     N/A    -1.0    -1.0      none  
   LSQ12hzj      0.0334   0.0345752    0.97   0.004    16.51   0.005    -4.1   0.0569   0.0057    7.321e-06    -0.07   0.007    2.5e-05    9.32    9.35    9.73     N/A    -1.0    -1.0      none  
   LSQ12hzs     0.07208   0.0718169   1.145   0.012   18.806   0.007    -7.5   0.0227   0.0023   -1.882e-06      0.1   0.011    4.9e-05    9.88   10.02   10.42     N/A    -1.0    -1.0      none  
   LSQ13abo   0.0674467   0.0681328   0.877   0.019   18.809   0.024    -7.0   0.0906   0.0091    0.0002905    0.205   0.028   0.000576   10.04   10.31   10.34     N/A    -1.0    -1.0      none  
   LSQ13aiz      0.0092   0.0102493   0.964   0.006    13.71   0.007    -8.4   0.0788   0.0079    1.646e-05     0.08   0.009    4.9e-05    8.12    8.24    8.34     N/A    -1.0    -1.0      none  
   LSQ13cwp      0.0666   0.0662474    0.94   0.016   18.395   0.016    -6.7   0.1326   0.0133    0.0001349    0.086    0.02   0.000256   10.39   10.54    10.7     N/A    -1.0    -1.0      none  
   LSQ13dcy      0.0801   0.0800671   1.213   0.042   19.189   0.017    -2.1   0.0408   0.0041      7.8e-06    0.095   0.023   0.000289    9.01    9.18    9.34     N/A    -1.0    -1.0      none  
   LSQ13dhj      0.0935   0.0929027    1.16   0.019   19.057   0.013    -6.7   0.0132   0.0013    4.104e-06    0.057   0.019   0.000169    8.27    8.63    8.78     N/A    -1.0    -1.0      none  
   LSQ13dkp   0.0689367   0.0685268   0.657   0.008   18.771    0.01    -4.7   0.0145   0.0015    2.652e-05    0.019   0.013     0.0001   10.61    10.8   10.92     N/A    -1.0    -1.0      none  
   LSQ13dpm   0.0508648   0.0520617   1.055   0.009   17.683   0.004    -7.7   0.0529   0.0053    1.393e-05   -0.013   0.005    1.6e-05    9.06    9.17     9.6     N/A    -1.0    -1.0      none  
   LSQ13dsm   0.0423707   0.0419767   0.908   0.004   17.263   0.006   -11.8   0.0088   0.0009    1.043e-05   -0.024   0.008    3.6e-05    8.85    9.01    9.14     N/A    -1.0    -1.0      none  
    LSQ13lq   0.0755477   0.0765051   1.054   0.012   18.003   0.005    -6.1   0.0215   0.0022    2.484e-05   -0.076   0.006    2.5e-05     8.0    8.44    8.63     N/A    -1.0    -1.0      none  
    LSQ13pf   0.0860404   0.0870045   0.917   0.038   19.645   0.058     1.2   0.0558   0.0056   -7.238e-05    0.216   0.072   0.003364   10.14   10.26   10.44     N/A    -1.0    -1.0      none  
    LSQ13ry   0.0298367    0.031032    0.88   0.006    16.54   0.009   -12.2   0.0403    0.004    2.209e-05    -0.05   0.011    8.1e-05    9.54    9.64     9.7     N/A    -1.0    -1.0      none  
    LSQ13vy   0.0417711   0.0421068   0.892   0.005    17.65   0.006    -5.8   0.0676   0.0068    1.262e-05    0.075   0.008    3.6e-05   10.15   10.17   10.33     N/A    -1.0    -1.0      none  
   LSQ14act     0.05905   0.0594518   0.701   0.008   18.372   0.008    -3.3   0.2269   0.0227     1.27e-05   -0.002   0.011    6.4e-05   10.07   10.17   10.61     N/A    -1.0    -1.0      none  
   LSQ14age   0.0805442   0.0815802   1.115   0.014   18.473   0.009   -11.9   0.0576   0.0058    2.389e-06   -0.019   0.013    8.1e-05    8.33    8.42    8.59     N/A    -1.0    -1.0      none  
   LSQ14ahc   0.0508648   0.0517592   1.252    0.01   17.271   0.008    -8.0   0.0461   0.0046    4.066e-05    -0.02   0.011    6.4e-05    8.89    9.13    9.62     N/A    -1.0    -1.0      none  
   LSQ14ahm   0.0497655   0.0509869   1.161   0.009    17.21   0.007   -10.6   0.0274   0.0027     9.58e-07   -0.059   0.011    4.9e-05    8.03     8.2    8.37     N/A    -1.0    -1.0      none  
   LSQ14ajn     0.02101   0.0221584   0.654   0.004   16.296   0.007    -0.3   0.0193   0.0019   -1.842e-06    0.066   0.009    4.9e-05    9.95   10.11    10.3     N/A    -1.0    -1.0      none  
   LSQ14asu   0.0683967    0.069594   0.775   0.012   18.888   0.009    -3.6   0.0372   0.0037    3.641e-05    0.004   0.011    8.1e-05   10.51   10.67   10.86     N/A    -1.0    -1.0      none  
   LSQ14auy   0.0824129   0.0832263   1.136   0.014   18.658   0.007    -4.3   0.0669   0.0067   -1.374e-05   -0.009   0.011    4.9e-05   10.61   10.74   11.19     N/A    -1.0    -1.0      none  
   LSQ14azy   0.0457633   0.0469322   1.136   0.027   17.682   0.055     3.6   0.0164   0.0016   -0.0001024    0.066   0.067   0.003025    9.75    9.94    10.1     N/A    -1.0    -1.0      none  
    LSQ14ba   0.0775463   0.0787677   0.959   0.006   18.794    0.01    -6.8   0.0493   0.0049    2.785e-05    0.034   0.013     0.0001     9.3    9.47    9.87     N/A    -1.0    -1.0      none  
   LSQ14bbv   0.0587593    0.058439   1.039   0.011   17.747   0.005    -2.4   0.0464   0.0046    1.941e-05    0.008   0.006    2.5e-05    10.9   11.02   11.14     N/A    -1.0    -1.0      none  
   LSQ14bjj   0.0811438   0.0819882   0.996   0.008   18.465   0.007    -4.4   0.0408   0.0041    2.508e-05   -0.082   0.009    4.9e-05     8.3    8.46    8.91     N/A    -1.0    -1.0      none  
   LSQ14fms    0.077946   0.0773231   0.849   0.015   19.009   0.012    -3.2   0.0143   0.0014    4.751e-05    0.165   0.016   0.000144    10.0   10.11   10.49     N/A    -1.0    -1.0      none  
   LSQ14foj   0.0460667   0.0451705   1.015    0.01   17.342   0.008   -10.8   0.0121   0.0012    3.005e-05    0.047   0.011    6.4e-05    8.33    8.44     8.7     N/A    -1.0    -1.0      none  
   LSQ14fom     0.05626   0.0553279   0.947   0.009   17.794   0.008    -8.2   0.0184   0.0018    3.105e-05    0.021   0.011    6.4e-05     9.4    9.54    9.72     N/A    -1.0    -1.0      none  
   LSQ14gfb   0.0527067   0.0527873   0.605   0.035   19.568   0.055    -0.7   0.0159   0.0016    0.0002892    0.526   0.064   0.003025   10.11    10.3   10.64     N/A    -1.0    -1.0      none  
   LSQ14gfn   0.1216158   0.1210925   0.991   0.023   19.366   0.017    -3.9   0.0332   0.0033    7.615e-05    0.037   0.021   0.000289   10.42   10.54   10.88     N/A    -1.0    -1.0      none  
   LSQ14ghv   0.0666539   0.0662566   0.949   0.009    18.37   0.009    -3.6   0.0088   0.0009    2.881e-05   -0.022   0.011    8.1e-05   10.06   10.18   10.31     N/A    -1.0    -1.0      none  
   LSQ14gov    0.089538   0.0892443   1.141   0.008   18.467   0.006    -9.3   0.0357   0.0036   -2.208e-06   -0.105   0.009    3.6e-05    8.85    9.02    9.19     N/A    -1.0    -1.0      none  
    LSQ14ie    0.089538   0.0905466   1.155    0.01   18.742   0.007    -8.1   0.0717   0.0072   -3.443e-06   -0.023   0.011    4.9e-05    7.95    8.08    8.21     N/A    -1.0    -1.0      none  
    LSQ14ip   0.0612967   0.0624196   0.522   0.009   19.493   0.016    -7.2   0.0373   0.0037    1.356e-05    0.345   0.021   0.000256   10.01   10.18   10.31     N/A    -1.0    -1.0      none  
    LSQ14jp     0.04539   0.0464896   0.677   0.007   18.138   0.007    -8.4    0.053   0.0053    1.518e-05    0.123   0.009    4.9e-05   10.48   10.54   10.81     N/A    -1.0    -1.0      none  
    LSQ14mc     0.05662   0.0575661   0.964   0.004   17.818   0.005    -6.6   0.0207   0.0021    8.288e-06   -0.029   0.006    2.5e-05    9.16    9.17    9.43     N/A    -1.0    -1.0      none  
     LSQ14q   0.0669503    0.067871   0.958   0.004   18.178   0.006   -12.7   0.0198    0.002    1.059e-05   -0.047   0.008    3.6e-05    8.92    9.32    9.42     N/A    -1.0    -1.0      none  
    LSQ14wp   0.0694519   0.0706148   1.138   0.011   17.874   0.007    -7.8   0.0207   0.0021   -3.412e-06    -0.05    0.01    4.9e-05    7.23    7.48    7.59     N/A    -1.0    -1.0      none  
    LSQ14xi   0.0507429   0.0519014   1.142   0.011   18.256   0.007    -8.6   0.0368   0.0037    8.231e-07    0.212   0.011    4.9e-05   10.77    10.9   11.07     N/A    -1.0    -1.0      none  
   LSQ15aae   0.0515643   0.0517701   1.226   0.008   17.835   0.006    -5.6   0.0616   0.0062    1.534e-05    0.079   0.008    3.6e-05    10.1   10.27   10.46     N/A    -1.0    -1.0      none  
   LSQ15agh   0.0599585   0.0610193    1.14   0.008   17.733   0.005    -5.6   0.0216   0.0022   -3.956e-06   -0.036   0.008    2.5e-05    9.72    9.87    9.99     N/A    -1.0    -1.0      none  
   LSQ15aja   0.0699516   0.0699657   1.027    0.01    18.03   0.007    -9.1   0.0545   0.0054    4.415e-05   -0.092   0.009    4.9e-05    7.34    7.46    7.58     N/A    -1.0    -1.0      none  
   LSQ15alq   0.0470667   0.0480953    0.92   0.005   17.319   0.005   -12.1   0.0668   0.0067     1.28e-05   -0.004   0.006    2.5e-05   10.22    10.4   10.82     N/A    -1.0    -1.0      none  
    LSQ15bv      0.0689   0.0701168   0.955    0.01   18.185   0.009    -1.7   0.0443   0.0044   -1.086e-05   -0.003   0.017    8.1e-05   10.39   10.56   10.77     N/A    -1.0    -1.0      none  
  PS1-13eao   0.0377533    0.037362   0.893   0.047   21.827   0.098    -0.9   0.0107   0.0011     0.000109    1.509     0.1   0.009604   10.56   10.73   11.04     N/A    -1.0    -1.0      none  
   PS1-14ra   0.0280833   0.0287982   0.778   0.006   16.623   0.005    -0.1    0.023   0.0023   -3.812e-06    0.052   0.006    2.5e-05   10.35   10.65   10.72     N/A    -1.0    -1.0      none  
   PS1-14rx   0.0669536   0.0680019   0.848   0.018   18.547   0.021    -8.1   0.0266   0.0027    0.0001848   -0.022   0.028   0.000441    9.77    9.89   10.06     N/A    -1.0    -1.0      none  
   PS1-14xw      0.0245   0.0245957   1.036    0.01   15.798   0.005    -3.1   0.0656   0.0066    1.186e-05    0.018   0.006    2.5e-05   11.11   11.24   11.71     N/A    -1.0    -1.0      none  
     PS15sv    0.033277   0.0335844   1.113   0.014    16.44   0.009    -3.0   0.0782   0.0078   -2.215e-05    0.013   0.013    8.1e-05     8.2    8.31    8.56     N/A    -1.0    -1.0      none  
   PTF11pbp   0.0289033   0.0276702   1.157   0.007   16.353   0.005    -6.4   0.0507   0.0051   -3.501e-06    0.051   0.007    2.5e-05   10.73   10.88   10.97     N/A    -1.0    -1.0      none  
   PTF11ppn   0.0672534   0.0661869    0.66   0.038    18.77   0.137     7.2    0.132   0.0132     0.000675    0.245   0.164   0.018769   10.96   11.02   11.06     N/A    -1.0    -1.0      none  
   PTF11pra   0.0175433   0.0167242   0.442   0.017   18.098   0.049     1.2   0.0243   0.0024   -5.234e-06    0.935   0.061   0.002401   10.57   10.68   10.75     N/A    -1.0    -1.0      none  
   PTF11qnr   0.0162167   0.0149985   0.807   0.008   15.763   0.007    -9.3   0.0556   0.0056    2.487e-05    0.255   0.009    4.9e-05   10.38   10.65    10.7     N/A    -1.0    -1.0      none  
   PTF13anh   0.0614575   0.0624543   0.944   0.007    17.93   0.012   -10.7   0.0224   0.0022    3.805e-05   -0.172   0.018   0.000144    7.29    7.48    7.66     N/A    -1.0    -1.0      none  
   PTF13duj     0.01694    0.015867   1.158   0.013   15.051   0.008    -7.0   0.0665   0.0067   -5.587e-06    0.052   0.011    6.4e-05   10.61   10.73   10.82     N/A    -1.0    -1.0      none  
   PTF13dwl   0.0874395   0.0863561   1.114   0.023   18.513   0.008    -5.0   0.0613   0.0061    2.933e-06    0.017   0.011    6.4e-05    8.42    8.74    8.98     N/A    -1.0    -1.0      none  
   PTF13dym     0.04213   0.0409061   0.517   0.024   17.574   0.035    -5.7   0.0379   0.0038     0.000272    0.097   0.049   0.001225    9.25    9.45    9.88     N/A    -1.0    -1.0      none  
   PTF13ebh     0.01326    0.012484   0.632   0.004   15.042   0.007   -13.1   0.0668   0.0067    6.795e-06    0.117   0.009    4.9e-05    10.8   10.86   11.02     N/A    -1.0    -1.0      none  
    PTF13ez   0.0434699   0.0445375   0.896   0.012   17.389   0.026    -2.1   0.0429   0.0043    2.548e-05    0.165   0.031   0.000676    9.52    9.71    9.84     N/A    -1.0    -1.0      none  
   PTF14aje   0.0276708   0.0282271   0.685   0.006   18.511   0.011    -3.3   0.1524   0.0152     1.43e-05    0.582   0.014   0.000121   10.64   10.78   10.84     N/A    -1.0    -1.0      none  
   PTF14gnl     0.05369   0.0525349    1.02   0.006   17.426   0.007   -13.4   0.0268   0.0027    2.272e-05    -0.06   0.009    4.9e-05    9.86   10.06    10.5     N/A    -1.0    -1.0      none  
    PTF14uo   0.0912368   0.0922406   1.123   0.016   18.732   0.006    -5.8   0.0161   0.0016   -3.171e-06    -0.06   0.009    3.6e-05    8.86     9.0    9.48     N/A    -1.0    -1.0      none  
     PTF14w   0.0188933   0.0200839   0.743   0.004   16.086   0.004    -6.3   0.0205   0.0021    4.873e-06     0.05   0.005    1.6e-05    8.96    9.14     9.3     N/A    -1.0    -1.0      none  
    PTF14yw     0.01697   0.0180604   0.854   0.008   15.728   0.008    -4.2   0.0255   0.0026    1.824e-05   -0.043   0.011    6.4e-05   10.16   10.24   10.59     N/A    -1.0    -1.0      none  
    PTF14yy   0.0429703   0.0440905   0.837    0.01   18.484   0.011    -6.9   0.0198    0.002    5.295e-05    0.252   0.015   0.000121    9.25    9.41    9.52     N/A    -1.0    -1.0      none  
    SN1980N    0.005871   0.0055142   0.903   0.006   12.458   0.009    -1.5    0.018   0.0018    4.425e-06     0.07   0.012    8.1e-05   11.75   11.79    11.8   N1316   31.46    0.04         t  
    SN1981B    0.006027   0.0071693   0.941   0.005    11.98   0.005    -6.5   0.0157   0.0016    1.136e-05     0.07   0.008    2.5e-05   10.42   10.47   10.68   N4536   30.91    0.05        ct  
    SN1981D    0.005871   0.0055129   0.792   0.033   12.551   0.034    -5.4   0.0178   0.0018    0.0001706    0.172   0.038   0.001156   11.75   11.79    11.8   N1316   31.46    0.04         t  
    SN1989B    0.002425   0.0035864   0.888   0.024   12.313    0.01    -4.0   0.0284   0.0028   -5.179e-06    0.366   0.012     0.0001    10.0    10.0    10.0   N3627   31.22    0.04         t  
    SN1990N       0.003   0.0040676   1.113   0.006   12.714   0.006   -10.9   0.0223   0.0022    3.303e-06    0.062   0.009    3.6e-05   10.07   10.14   10.24   N4639   31.53    0.07         c  
    SN1994D     0.00149   0.0026093   0.824   0.005    11.84   0.006   -11.6   0.0191   0.0019    1.055e-05   -0.047   0.009    3.6e-05    10.0    10.0    10.0   N4526    31.0    0.07         t  
   SN1994ae       0.004   0.0051205    1.05   0.007   13.145   0.005   -12.0   0.0262   0.0026    1.794e-05    0.063   0.007    2.5e-05    9.55    9.69    9.83   N3370   32.05    0.05        ct  
   SN1995al       0.005   0.0058765   1.165   0.012   13.336   0.009    -3.8   0.0117   0.0012   -3.221e-05    0.108   0.012    8.1e-05    9.76    9.87    9.97   N3021    32.5    0.09        ct  
   SN1998aq    0.003697   0.0042623   0.969   0.004   12.357   0.006   -10.3   0.0122   0.0012    5.785e-06   -0.105   0.008    3.6e-05    9.86   10.02    10.1   N3982   31.74    0.07         c  
   SN1998bu   0.0024827   0.0036812   0.968   0.004   12.065   0.006    -3.3   0.0382   0.0038    2.696e-06    0.345   0.007    3.6e-05   11.09   11.26   11.54   N3368   30.31    0.04         t  
   SN2001el    0.003896   0.0036761   0.959   0.005   12.823   0.008   -10.9   0.0121   0.0012    1.723e-05    0.145    0.01    6.4e-05   10.22   10.69   10.73   N1448   31.32    0.06         t  
   SN2002fk     0.00712   0.0066137   0.979   0.004   13.202   0.006   -12.3   0.0344   0.0034     6.84e-06   -0.091   0.008    3.6e-05    9.78    9.94   10.64   N1309   32.52    0.06        ct  
   SN2003du   0.0063844   0.0066521   1.004   0.004   13.478   0.005   -10.6   0.0081   0.0008    8.541e-06   -0.074   0.006    2.5e-05    8.47     8.6    8.74   U9391   32.92    0.06         c  
   SN2004ef   0.0309667     0.02977    0.84   0.003    16.87   0.004    -9.0   0.0458   0.0046    4.988e-06    0.119   0.006    1.6e-05   10.63   10.74    10.8     N/A    -1.0    -1.0      none  
   SN2004eo     0.01569   0.0147367   0.867   0.005   15.126   0.007   -12.3    0.093   0.0093    1.176e-05    0.023   0.009    4.9e-05   11.03   11.16   11.35     N/A    -1.0    -1.0      none  
   SN2004ey   0.0157767   0.0146267   1.008   0.003   14.777   0.003    -8.9   0.1197    0.012    2.232e-06   -0.054   0.004      9e-06    9.76   10.06   10.41     N/A    -1.0    -1.0      none  
   SN2004gs   0.0266267   0.0282767   0.707   0.003   17.184   0.004    -3.9   0.0257   0.0026    3.039e-06    0.205   0.006    1.6e-05   10.57   10.63    10.7     N/A    -1.0    -1.0      none  
   SN2004gu   0.0458267   0.0468967   1.153   0.011   17.422   0.011    -0.8   0.0223   0.0022   -2.754e-05    0.149   0.014   0.000121    9.74   10.02   10.19     N/A    -1.0    -1.0      none  
    SN2005A   0.0191267     0.01834   0.963   0.007   18.115   0.012    -3.6   0.0259   0.0026    1.222e-05    0.978   0.016   0.000144   11.07   11.19   11.26     N/A    -1.0    -1.0      none  
    SN2005M   0.0219967     0.02558   1.205   0.004   15.919   0.003    -8.3   0.0273   0.0027    1.711e-06    0.018   0.004      9e-06    8.38     8.8    8.92     N/A    -1.0    -1.0      none  
    SN2005W   0.0088833     0.00795   0.938   0.006   14.209   0.006    -7.8   0.0615   0.0062    1.183e-05    0.165   0.008    3.6e-05    9.75     9.9    10.0     N/A    -1.0    -1.0      none  
   SN2005ag     0.07937     0.08008   1.145   0.009   18.412   0.006    -1.0   0.0331   0.0033   -1.913e-05   -0.036   0.008    3.6e-05   10.84    10.9   10.95     N/A    -1.0    -1.0      none  
   SN2005al   0.0123933   0.0132867   0.868   0.004   14.885   0.006    -1.0   0.0483   0.0048   -1.608e-06   -0.058   0.008    3.6e-05    10.4   10.49   10.63     N/A    -1.0    -1.0      none  
   SN2005am   0.0078933   0.0089667   0.765   0.004   13.699   0.006    -0.4   0.0433   0.0043   -6.263e-07    0.065   0.008    3.6e-05   10.68   10.83   11.26     N/A    -1.0    -1.0      none  
   SN2005be       0.035   0.0355767   0.768   0.022   16.987   0.057     6.4   0.0294   0.0029     -5.4e-05    0.055   0.071   0.003249   10.25    10.4    10.5     N/A    -1.0    -1.0      none  
   SN2005bg     0.02307   0.0241567   1.064   0.039   15.846   0.052     2.7   0.0264   0.0026   -0.0001614    0.036   0.066   0.002704    9.72    9.91   10.02     N/A    -1.0    -1.0      none  
   SN2005bl   0.0240433   0.0251133   0.429   0.011    18.48   0.028    -6.4    0.025   0.0025    0.0001085    0.676   0.034   0.000784   10.89   11.01    11.2     N/A    -1.0    -1.0      none  
   SN2005bo   0.0138867   0.0150133   0.883   0.009   15.671   0.005    -0.3   0.0396    0.004   -8.452e-06    0.237   0.006    2.5e-05   10.34    10.5   10.65     N/A    -1.0    -1.0      none  
   SN2005cf   0.0064611    0.007045   0.973   0.005   13.247   0.007   -12.5   0.0968   0.0097    1.258e-05    0.005    0.01    4.9e-05    10.0    10.0    10.0   N5917   32.26     0.1         c  
   SN2005el      0.0149   0.0148833   0.864   0.003   14.895   0.009    -7.1   0.0976   0.0098    7.911e-06    -0.08   0.012    8.1e-05    10.7   10.84   11.24     N/A    -1.0    -1.0      none  
   SN2005eq   0.0289567     0.02835   1.136   0.009   16.294   0.007    -3.9   0.0629   0.0063   -1.342e-05    0.055    0.01    4.9e-05   10.44   10.56   10.65     N/A    -1.0    -1.0      none  
   SN2005hc   0.0459067   0.0444967   1.141   0.007    17.31   0.005    -4.7    0.028   0.0028   -2.854e-06    0.013   0.007    2.5e-05   10.52    10.6   10.65     N/A    -1.0    -1.0      none  
   SN2005hj   0.0579667     0.05695   1.151   0.019   17.761   0.011    -3.0   0.0329   0.0033    -2.63e-05     0.08   0.016   0.000121    9.22    9.32    9.38     N/A    -1.0    -1.0      none  
   SN2005iq     0.03402     0.03293   0.882   0.006   16.796   0.008    -5.5   0.0185   0.0019    1.641e-05   -0.031   0.011    6.4e-05   10.47   10.54    10.6     N/A    -1.0    -1.0      none  
   SN2005ir   0.0763067   0.0752333   1.003   0.014   18.396   0.012    -2.8   0.0265   0.0027    6.076e-05    0.053   0.016   0.000144    9.12    9.23    9.37     N/A    -1.0    -1.0      none  
   SN2005kc     0.01511     0.01389   0.933   0.005    15.59   0.008   -10.6   0.1137   0.0114    1.227e-05    0.234   0.011    6.4e-05    10.6   11.06    11.5     N/A    -1.0    -1.0      none  
   SN2005ke   0.0048767   0.0044833   0.436   0.003   14.789   0.009    -9.7     0.02    0.002    4.686e-06    0.662   0.012    8.1e-05   10.29   10.43   10.61     N/A    -1.0    -1.0      none  
   SN2005ki   0.0191933     0.02037   0.836   0.004   15.584   0.005   -10.0   0.0267   0.0027    3.507e-06   -0.019   0.007    2.5e-05   10.62    10.8   10.86     N/A    -1.0    -1.0      none  
   SN2005ku   0.0454067   0.0441833   0.973   0.035   17.539   0.062     0.4   0.0461   0.0046   -5.746e-05      0.1   0.078   0.003844    9.96   10.04    10.1     N/A    -1.0    -1.0      none  
   SN2005lu   0.0319867   0.0312933   1.063    0.03   17.245   0.057     9.3   0.0218   0.0022    -5.62e-05     0.25   0.072   0.003249    9.68    9.86   10.03     N/A    -1.0    -1.0      none  
   SN2005mc   0.0252033   0.0260067   0.666    0.02   17.222   0.054     2.4   0.0379   0.0038   -4.125e-05    0.311   0.066   0.002916   10.85   10.95    11.1     N/A    -1.0    -1.0      none  
   SN2005na   0.0263033   0.0268133    0.97   0.005   16.008   0.007    -1.9   0.0681   0.0068    1.961e-06   -0.015   0.009    4.9e-05    10.9   10.97   11.05     N/A    -1.0    -1.0      none  
    SN2006D     0.00852     0.00964   0.839   0.003   14.194   0.005    -6.0   0.0394   0.0039     3.35e-06    0.099   0.006    2.5e-05    9.54    9.76    9.85     N/A    -1.0    -1.0      none  
    SN2006X   0.0052367     0.00632    0.97   0.004   15.243   0.009   -10.9   0.0228   0.0023     8.81e-06    1.213   0.012    8.1e-05    9.06    9.33    9.43     N/A    -1.0    -1.0      none  
   SN2006ax   0.0167267   0.0179567   1.003   0.004   15.033   0.006   -11.8    0.041   0.0041     7.59e-06   -0.073   0.008    3.6e-05   10.79   10.92   11.04     N/A    -1.0    -1.0      none  
   SN2006bd   0.0257067   0.0267967   0.395    0.01   18.763   0.037    -1.2   0.0231   0.0023    5.822e-05    0.733   0.044   0.001369    10.6   10.77    10.8     N/A    -1.0    -1.0      none  
   SN2006bh     0.01084   0.0104933   0.827   0.003   14.369   0.004    -4.9   0.0228   0.0023    2.827e-06    -0.01   0.006    1.6e-05   10.31   10.43   10.49     N/A    -1.0    -1.0      none  
   SN2006br   0.0245733   0.0255233   0.954   0.032   18.934    0.08     7.3   0.0197    0.002   -4.505e-05    0.837   0.097     0.0064   10.87   10.97   11.36     N/A    -1.0    -1.0      none  
   SN2006dd    0.005867   0.0055089   0.951   0.003   12.245   0.005   -10.6   0.0179   0.0018    4.918e-06   -0.065   0.007    2.5e-05   11.75   11.79    11.8   N1316   31.46    0.04         t  
   SN2006ef     0.01787   0.0170267   0.858    0.02    15.44   0.067    10.0   0.0201    0.002   -3.546e-05   -0.024   0.081   0.004489   10.18   10.35   10.49     N/A    -1.0    -1.0      none  
   SN2006ej   0.0204367   0.0193367   0.845   0.018   15.748   0.049     5.3   0.0296    0.003   -6.679e-06    0.028    0.06   0.002401   10.48   10.63    10.7     N/A    -1.0    -1.0      none  
   SN2006eq   0.0494667   0.0483667   0.656   0.022   18.567   0.061     2.4   0.0416   0.0042   -4.031e-05    0.302   0.075   0.003721    9.79   10.19   10.65     N/A    -1.0    -1.0      none  
   SN2006et   0.0221567   0.0216467   1.181   0.006   15.973   0.005    -7.5   0.0165   0.0017    7.139e-07    0.142   0.007    2.5e-05    10.7    10.8   10.88     N/A    -1.0    -1.0      none  
   SN2006ev   0.0287133      0.0276    0.84   0.021   17.162   0.056     3.7   0.0759   0.0076   -1.959e-05    0.179   0.069   0.003136   10.65   10.75   10.91     N/A    -1.0    -1.0      none  
   SN2006fw   0.0829433   0.0819867   0.901   0.051   19.089   0.048    -2.3    0.028   0.0028    0.0005528    0.109   0.065   0.002304    9.32    9.42    9.62     N/A    -1.0    -1.0      none  
   SN2006gj   0.0283333   0.0269667   0.709   0.007   17.669   0.009    -1.8   0.0705    0.007    2.585e-06    0.297   0.012    8.1e-05   10.36   10.53    10.6     N/A    -1.0    -1.0      none  
   SN2006gt     0.04474   0.0436433   0.565   0.009   18.224   0.012    -2.3   0.0323   0.0032    1.414e-05    0.257   0.016   0.000144    9.87    9.93    9.94     N/A    -1.0    -1.0      none  
   SN2006hb   0.0153333   0.0153367   0.682   0.018   15.587   0.052     4.3   0.0236   0.0024   -1.568e-05    0.186   0.064   0.002704   10.05   10.22   10.39     N/A    -1.0    -1.0      none  
   SN2006hx   0.0454633   0.0444033    0.98   0.012   17.534   0.026    -9.2   0.0256   0.0026    0.0001176    0.113   0.035   0.000676   10.12   10.31   10.44     N/A    -1.0    -1.0      none  
   SN2006is   0.0313333     0.03142   1.093   0.036   16.176   0.053     0.4    0.029   0.0029   -9.504e-05    0.038   0.066   0.002809    6.68     7.1    7.41     N/A    -1.0    -1.0      none  
   SN2006kf   0.0212867      0.0208   0.771   0.005   15.973   0.007    -4.8   0.2097    0.021    6.405e-06    0.024   0.009    4.9e-05   10.59   10.82    10.9     N/A    -1.0    -1.0      none  
   SN2006lu   0.0533667   0.0543967   1.003   0.019   17.548   0.053     5.0   0.0986   0.0099   -1.937e-05   -0.019   0.066   0.002809   10.22   10.29   10.37     N/A    -1.0    -1.0      none  
   SN2006mr   0.0058667     0.00551   0.333   0.004   15.315   0.021    -4.4   0.0179   0.0018     1.36e-05    0.728   0.028   0.000441   11.75   11.79    11.8   N1316   31.46    0.04         t  
   SN2006ob   0.0591967   0.0582567   0.739   0.009   18.288   0.012    -3.1   0.0285   0.0029    2.546e-05    0.124   0.016   0.000144   11.08   11.26   11.33     N/A    -1.0    -1.0      none  
   SN2006os   0.0327867     0.03208   0.941    0.02   17.615   0.052     0.9   0.1254   0.0125   -1.266e-05    0.318   0.065   0.002704   10.66   10.81   10.87     N/A    -1.0    -1.0      none  
   SN2006py     0.05786   0.0566433   0.966   0.018   17.917   0.016    -1.6   0.0518   0.0052    8.373e-05    0.086   0.021   0.000256    8.94     9.1    9.24     N/A    -1.0    -1.0      none  
    SN2007N     0.01287       0.014   0.376   0.006   18.051   0.019    -0.6   0.0343   0.0034    2.231e-05    0.953   0.024   0.000361    10.1   10.19   10.57     N/A    -1.0    -1.0      none  
    SN2007S     0.01387   0.0150233   1.186   0.007   15.794   0.009   -10.8   0.0224   0.0022    2.014e-06    0.366   0.011    8.1e-05    9.63    9.98   10.16     N/A    -1.0    -1.0      none  
   SN2007af     0.00546     0.00629   0.949   0.002   13.162   0.005    -8.9   0.0338   0.0034    2.891e-06    0.085   0.007    2.5e-05    9.69    9.82    9.87   N5584   31.79    0.05        ct  
   SN2007ai     0.03164   0.0319867   1.223   0.013   17.023    0.01    -0.7    0.286   0.0286   -1.578e-05    0.183   0.013     0.0001    9.76    9.91   10.18     N/A    -1.0    -1.0      none  
   SN2007al   0.0121133   0.0132629   0.383   0.006    17.32   0.021    -0.2    0.036   0.0036     1.49e-05    0.693   0.026   0.000441    9.33    9.47    9.91     N/A    -1.0    -1.0      none  
   SN2007as     0.01756   0.0178967   0.889   0.004   15.489   0.007    -0.5   0.1229   0.0123    4.199e-07     0.08   0.009    4.9e-05   10.24   10.36   10.43     N/A    -1.0    -1.0      none  
   SN2007ax   0.0068567   0.0076367   0.416   0.011   16.199    0.03    -2.8   0.0446   0.0045    0.0001067    0.685   0.038     0.0009   10.13   10.23   10.29     N/A    -1.0    -1.0      none  
   SN2007ba   0.0384867   0.0390533   0.568   0.008   17.763   0.015    -7.1   0.0315   0.0032     2.58e-05    0.327   0.019   0.000225    10.9   10.99   11.06     N/A    -1.0    -1.0      none  
   SN2007bc   0.0207567     0.02185   0.907   0.005   15.858   0.007    -2.9   0.0186   0.0019    2.311e-06    0.033   0.009    4.9e-05   10.65   10.73   10.78     N/A    -1.0    -1.0      none  
   SN2007bd   0.0309967   0.0318267   0.917   0.006   16.567   0.012    -9.6   0.0289   0.0029    2.446e-05   -0.001   0.016   0.000144   10.68   10.82   10.89     N/A    -1.0    -1.0      none  
   SN2007bm   0.0062067     0.00744   0.906   0.005   14.425   0.007    -0.8   0.0354   0.0035    9.198e-07    0.421   0.009    4.9e-05   10.09   10.27   10.72     N/A    -1.0    -1.0      none  
   SN2007ca   0.0140567     0.01507   1.078   0.012    15.89   0.007    -9.0    0.057   0.0057     1.67e-05     0.26   0.009    4.9e-05    9.52    9.69    9.74     N/A    -1.0    -1.0      none  
   SN2007cg   0.0331733   0.0341676    1.07   0.049   18.202   0.074     8.1   0.0686   0.0069   -0.0004922    0.684   0.093   0.005476   10.33   10.37   10.43     N/A    -1.0    -1.0      none  
   SN2007hj   0.0141033   0.0128818   0.633   0.005   15.632   0.008    -1.6   0.0747   0.0075    3.236e-06    0.215    0.01    6.4e-05    10.3   10.45   10.89     N/A    -1.0    -1.0      none  
   SN2007hx     0.07976   0.0788733   1.006   0.028   19.261    0.06     0.3   0.0299    0.003   -2.703e-05    0.214   0.074     0.0036   10.45   10.55   10.62     N/A    -1.0    -1.0      none  
   SN2007jd   0.0725833   0.0719112   0.891   0.036   18.848   0.064     0.2    0.066   0.0066   -0.0001294    0.098   0.081   0.004096    9.93   10.13   10.18     N/A    -1.0    -1.0      none  
   SN2007jg   0.0371067   0.0365767   0.939   0.006    17.26   0.008    -3.0   0.0904    0.009    1.487e-05    0.028    0.01    6.4e-05    7.95     8.1    8.22     N/A    -1.0    -1.0      none  
   SN2007jh   0.0407667   0.0402667   0.599   0.015   18.305    0.02    -2.9   0.0902    0.009    6.818e-05    0.272   0.026     0.0004   10.89   10.99   11.04     N/A    -1.0    -1.0      none  
   SN2007le   0.0067167   0.0055233    1.02   0.004   13.891   0.005    -6.7   0.0287   0.0029    6.009e-06    0.292   0.006    2.5e-05    9.71    9.85   10.16     N/A    -1.0    -1.0      none  
   SN2007nq       0.045   0.0439033   0.769   0.006   17.431   0.009    -1.3   0.0312   0.0031    1.885e-07    0.056   0.011    8.1e-05   11.15   11.21   11.28     N/A    -1.0    -1.0      none  
   SN2007ol     0.05587    0.054882   0.701   0.032   18.063   0.018    -3.5   0.0215   0.0022    0.0002758   -0.063   0.028   0.000324    9.71    9.82    9.93     N/A    -1.0    -1.0      none  
   SN2007on     0.00649   0.0061833   0.589   0.003   13.032   0.009    -8.4   0.0098    0.001    6.047e-06    0.115   0.012    8.1e-05   10.78   11.04   11.45   N1404   31.42    0.05         t  
   SN2007so   0.0296667   0.0289285   0.925   0.009   16.343   0.066    24.1   0.1161   0.0116    9.643e-05    0.014   0.076   0.004356   10.89   10.97   11.07     N/A    -1.0    -1.0      none  
   SN2007sr   0.0054733   0.0066557   0.989   0.017   12.796   0.047     6.4   0.0398    0.004   -5.379e-06    0.159   0.059   0.002209    9.85   10.05   10.17   N4038    31.9     0.1        ct  
   SN2007st   0.0211667   0.0206508   0.863   0.022   15.839   0.066     4.3   0.0143   0.0014   -7.715e-05    0.149   0.083   0.004356   10.85   10.95    11.4     N/A    -1.0    -1.0      none  
   SN2007ux   0.0308933    0.031996   0.628   0.006   17.407   0.008    -0.3   0.0386   0.0039   -1.053e-05     0.21    0.01    6.4e-05   10.23    10.3   10.34     N/A    -1.0    -1.0      none  
    SN2008C     0.01661   0.0170667   0.967   0.024   15.668    0.06     3.4    0.072   0.0072   -6.754e-05    0.167   0.074     0.0036   10.35   10.49   10.55     N/A    -1.0    -1.0      none  
    SN2008O     0.03883    0.039318   0.688    0.01   18.149   0.013    -1.3   0.0763   0.0076    3.342e-07    0.313   0.016   0.000169   11.12   11.33   11.59     N/A    -1.0    -1.0      none  
    SN2008R   0.0134933   0.0128867   0.632   0.006    15.27   0.008    -1.4   0.0618   0.0062    1.943e-06     0.12   0.011    6.4e-05   11.07   11.25   11.31     N/A    -1.0    -1.0      none  
   SN2008ar     0.02613   0.0272474   0.976   0.004   16.232   0.009    -7.1   0.0311   0.0031    1.942e-05    0.008   0.011    8.1e-05   10.11   10.21   10.28     N/A    -1.0    -1.0      none  
   SN2008bc   0.0150767   0.0157067   1.057   0.005   14.748   0.004    -8.1   0.2251   0.0225    6.223e-06   -0.028   0.006    1.6e-05    9.95    10.1   10.23     N/A    -1.0    -1.0      none  
   SN2008bd   0.0300833   0.0312803    0.66   0.038   17.675   0.052    16.3   0.0751   0.0075   -0.0005821    0.339   0.067   0.002704   10.99   11.07   11.13     N/A    -1.0    -1.0      none  
   SN2008bi   0.0134367   0.0143882   0.512   0.022   17.044   0.103     7.3    0.037   0.0037    5.169e-05    0.591   0.123   0.010609   10.27   10.38   10.48     N/A    -1.0    -1.0      none  
   SN2008bq   0.0339767   0.0344433   1.153   0.009   16.711   0.007    -0.2   0.0774   0.0077   -2.175e-05     0.04   0.009    4.9e-05   10.74   10.82   10.91     N/A    -1.0    -1.0      none  
   SN2008bt   0.0153533   0.0165796   0.498   0.008   16.757    0.01    -1.1   0.0445   0.0044    5.945e-06    0.508   0.013     0.0001    10.7   10.85   10.91     N/A    -1.0    -1.0      none  
   SN2008bz   0.0602367   0.0613265   0.948   0.023   17.952   0.051     1.4   0.0226   0.0023   -3.339e-05   -0.044   0.064   0.002601   10.44    10.5   10.56     N/A    -1.0    -1.0      none  
   SN2008cc   0.0103867   0.0101222   0.813   0.018   14.334   0.053     8.5   0.0355   0.0035   -2.788e-05    0.158   0.065   0.002809    10.4   10.48   10.64     N/A    -1.0    -1.0      none  
   SN2008cd   0.0074067   0.0084623    1.08   0.144   18.809   0.115     9.3   0.0592   0.0059    -0.003924    1.662   0.136   0.013225    9.43    9.54    9.64     N/A    -1.0    -1.0      none  
   SN2008cf   0.0459682   0.0468269   1.092   0.035   17.061    0.05     0.8   0.0577   0.0058   -6.784e-05    0.009   0.062     0.0025    8.59    8.73    8.97     N/A    -1.0    -1.0      none  
   SN2008fl      0.0199   0.0194172   0.883   0.017   15.682   0.048     3.0   0.1569   0.0157   -8.998e-06    0.056   0.059   0.002304   10.87   10.94   11.01     N/A    -1.0    -1.0      none  
   SN2008fp     0.00566   0.0062867   1.108   0.008   13.936   0.005    -5.5   0.1686   0.0169    1.326e-06    0.479   0.007    2.5e-05   10.15    10.2   10.63     N/A    -1.0    -1.0      none  
   SN2008fr   0.0389733   0.0379062   1.035   0.023   16.826   0.055     7.6   0.0395    0.004   -3.986e-05   -0.014   0.069   0.003025    7.58    7.73    7.92     N/A    -1.0    -1.0      none  
   SN2008fu     0.05237   0.0518336   0.822   0.024   17.742   0.072     6.8    0.018   0.0018   -0.0001104   -0.021   0.087   0.005184   10.66   10.72    10.8     N/A    -1.0    -1.0      none  
   SN2008fw   0.0085433   0.0095066   1.117   0.023   13.992   0.052     9.1   0.1123   0.0112   -4.231e-05    0.076   0.065   0.002704   10.31   10.49   10.61     N/A    -1.0    -1.0      none  
   SN2008gg   0.0319933   0.0310658   1.054   0.025   16.574    0.05     3.4   0.0195    0.002   -4.859e-05    0.149   0.063     0.0025   10.63   10.73   10.82     N/A    -1.0    -1.0      none  
   SN2008gl   0.0339933   0.0329459   0.867   0.005   16.818   0.006    -2.9   0.0244   0.0024    4.414e-06    0.028   0.008    3.6e-05   10.81   10.86   10.92     N/A    -1.0    -1.0      none  
   SN2008go   0.0623667   0.0613133   0.939   0.018   18.041   0.008    -0.5    0.032   0.0032    2.488e-06     0.04    0.01    6.4e-05   10.89   10.94    11.0     N/A    -1.0    -1.0      none  
   SN2008gp     0.03339   0.0328233   0.979   0.004   16.431   0.008   -10.6   0.1042   0.0104    8.298e-06   -0.031   0.011    6.4e-05   10.64   10.73   10.79     N/A    -1.0    -1.0      none  
   SN2008hj   0.0378667   0.0367224   1.008   0.005   16.783   0.005    -6.3   0.0303    0.003    9.609e-06   -0.008   0.007    2.5e-05    10.2    10.4   10.69     N/A    -1.0    -1.0      none  
   SN2008hu   0.0496656    0.050526   0.827   0.023   17.848   0.056     0.2   0.0921   0.0092   -2.648e-05    0.021    0.07   0.003136   10.84   10.99   11.07     N/A    -1.0    -1.0      none  
   SN2008hv     0.01254     0.01358   0.867   0.004    14.74   0.009   -10.7   0.0279   0.0028    9.466e-06   -0.047   0.011    8.1e-05   10.29   10.55   10.67     N/A    -1.0    -1.0      none  
   SN2008ia   0.0219833     0.02254   0.834   0.006    15.88   0.011    -3.7   0.1954   0.0195    8.762e-06   -0.035   0.016   0.000121   10.54   10.77   11.23     N/A    -1.0    -1.0      none  
    SN2009D     0.02499    0.024654   1.159   0.007   15.752   0.004    -6.5   0.0441   0.0044   -8.095e-07   -0.021   0.006    1.6e-05   10.35   10.43    10.5     N/A    -1.0    -1.0      none  
    SN2009F   0.0129467     0.01291   0.386   0.007    16.91   0.019    -4.8   0.0895   0.0089    2.457e-05    0.551   0.025   0.000361   10.61   10.79   11.22     N/A    -1.0    -1.0      none  
    SN2009I     0.02615   0.0254309   1.089    0.03   18.181   0.013    -3.6   0.0272   0.0027   -1.198e-05    0.651   0.017   0.000169   10.53   10.74   10.88     N/A    -1.0    -1.0      none  
    SN2009P   0.0250867   0.0263202    1.08   0.042   17.023   0.017    -0.9   0.0415   0.0042   -0.0001906    0.406   0.021   0.000289    9.77    9.87    9.95     N/A    -1.0    -1.0      none  
    SN2009Y   0.0093467   0.0101034   0.993   0.005   13.966   0.007    -6.9   0.0873   0.0087    9.033e-06    0.148    0.01    4.9e-05   10.66   10.76   10.95     N/A    -1.0    -1.0      none  
   SN2009aa     0.02729   0.0284814   0.944   0.004   16.333   0.009    -8.9   0.0295   0.0029     8.65e-06    0.013   0.012    8.1e-05    10.1    10.6    10.8     N/A    -1.0    -1.0      none  
   SN2009ab   0.0111633   0.0108624   0.903   0.006   14.713   0.008    -9.1   0.1838   0.0184    1.606e-05    0.035   0.011    6.4e-05    10.2   10.35   10.78     N/A    -1.0    -1.0      none  
   SN2009ad     0.02838   0.0283174   1.107   0.014   16.203   0.008    -7.7   0.0953   0.0095    9.946e-06    0.032   0.011    6.4e-05    10.5   10.58   10.64     N/A    -1.0    -1.0      none  
   SN2009ag   0.0086333   0.0092477   0.966   0.005   14.609   0.011    -1.5    0.218   0.0218    4.109e-06    0.149   0.014   0.000121    9.99    10.2    10.6     N/A    -1.0    -1.0      none  
   SN2009al     0.02209   0.0232764    0.92   0.013   16.246   0.022    -3.4   0.0212   0.0021    5.282e-05    0.186   0.028   0.000484   10.66   10.72   10.77     N/A    -1.0    -1.0      none  
   SN2009cz   0.0211233   0.0219786   1.173   0.011     15.7   0.008    -5.9   0.0221   0.0022   -1.703e-06    0.017   0.011    6.4e-05   10.68   10.75   10.84     N/A    -1.0    -1.0      none  
   SN2009ds   0.0192467   0.0204662   1.121   0.015   15.482   0.009    -8.7   0.0332   0.0033    4.033e-06    0.107   0.013    8.1e-05   10.62   10.77   10.97     N/A    -1.0    -1.0      none  
   SN2009ig      0.0088   0.0080401   1.061   0.014   13.454   0.007    -1.7   0.0269   0.0027    2.053e-05    0.103   0.009    4.9e-05    10.0    10.0    10.0   N1015    32.5    0.08         c  
   SN2009le   0.0177733    0.017027   1.087   0.011   15.346   0.006   -10.1   0.0143   0.0014    9.491e-06    0.122   0.008    3.6e-05   10.66   10.84   11.31     N/A    -1.0    -1.0      none  
   SN2011by    0.002843    0.003405   0.967   0.003   12.855   0.007   -12.7   0.0119   0.0012    7.513e-06   -0.006   0.009    4.9e-05    10.0    10.0    10.0   N3972   31.59    0.07         c  
   SN2011fe    0.000803   0.0012072   0.972   0.002   10.007   0.007   -15.4   0.0077   0.0008    4.221e-06     0.01   0.008    4.9e-05    10.0    10.0    10.0    M101   29.14    0.04        ct  
   SN2011iv     0.00649   0.0061827   0.729   0.008   12.471   0.009    -6.2   0.0113   0.0011    2.096e-05    0.044   0.012    8.1e-05   10.78   11.04   11.45   N1404   31.42    0.05         t  
   SN2011iy   0.0042633   0.0053357   1.033   0.005   12.158    0.01    15.4   0.0529   0.0053   -4.239e-06    0.244   0.012     0.0001   10.21   10.39   10.83     N/A    -1.0    -1.0      none  
   SN2011jh   0.0077833   0.0089154   0.789   0.005   15.089   0.006    -8.5   0.0322   0.0032    1.191e-05    0.367   0.008    3.6e-05   10.02   10.09   10.16     N/A    -1.0    -1.0      none  
   SN2011jn   0.0474433   0.0485384   0.644    0.02   17.953   0.069     5.2   0.0593   0.0059    -5.09e-05    0.137   0.083   0.004761   11.23   11.35   11.78     N/A    -1.0    -1.0      none  
   SN2011jt     0.02778   0.0284695   0.955   0.027   16.646   0.068     5.6   0.0386   0.0039   -0.0001555    0.149   0.084   0.004624   10.25   10.39   10.52     N/A    -1.0    -1.0      none  
    SN2012E   0.0202367    0.019439   0.846   0.008   15.668   0.007    -1.5   0.0649   0.0065   -9.681e-07    0.011   0.009    4.9e-05   10.36   10.54   10.73     N/A    -1.0    -1.0      none  
    SN2012G      0.0258   0.0268487   1.158   0.006   15.977   0.005    -0.3   0.0205   0.0021   -1.045e-05   -0.043   0.006    2.5e-05    9.58    9.73    9.84     N/A    -1.0    -1.0      none  
    SN2012U   0.0197233   0.0193386   0.905   0.023   15.499   0.065     9.3   0.0227   0.0023   -7.773e-06   -0.018    0.08   0.004225   10.38   10.56   10.74     N/A    -1.0    -1.0      none  
   SN2012aq   0.0519633   0.0525508   0.996   0.018   17.572   0.051     6.7   0.0338   0.0034   -7.683e-06    0.004   0.063   0.002601    7.63    7.77    8.01     N/A    -1.0    -1.0      none  
   SN2012ar     0.02824    0.028536   0.809   0.006   16.498   0.005    -1.6   0.2024   0.0202   -1.547e-06    0.032   0.006    2.5e-05   10.84   10.94   11.02     N/A    -1.0    -1.0      none  
   SN2012bl   0.0186933   0.0181998   1.081   0.016   15.211   0.006    -4.2   0.0297    0.003    2.848e-06    0.044   0.008    3.6e-05    9.85   10.09   10.24     N/A    -1.0    -1.0      none  
   SN2012bo   0.0254133   0.0265314    1.16   0.007   16.176   0.004    -4.6   0.0447   0.0045   -4.443e-06    0.009   0.006    1.6e-05   10.15   10.32    10.4     N/A    -1.0    -1.0      none  
   SN2012cg    0.001458   0.0025798   1.024   0.008   12.002   0.008   -17.5   0.0179   0.0018    3.188e-05    0.075   0.009    6.4e-05    10.0    10.0    10.0   N4424    31.0    0.06        ct  
   SN2012fr   0.0054533   0.0051291   1.108   0.004   11.935   0.005   -12.7   0.0177   0.0018    1.719e-06    0.013   0.006    2.5e-05   11.06   11.25   11.32     N/A    -1.0    -1.0      none  
   SN2012gm     0.01478    0.013553   0.987   0.004   15.347   0.003    -7.5   0.0393   0.0039    4.644e-06    0.172   0.004      9e-06     9.9   10.01   10.08     N/A    -1.0    -1.0      none  
   SN2012hd   0.0119433   0.0111341   0.888   0.004   14.899   0.006   -12.3   0.0228   0.0023     8.42e-06    0.122   0.008    3.6e-05   10.38   10.44   10.54     N/A    -1.0    -1.0      none  
   SN2012hl   0.0329772   0.0318991   0.927   0.022   17.731   0.009    -1.6    0.053   0.0053    3.482e-05    0.343   0.011    8.1e-05    7.18    7.31    7.46     N/A    -1.0    -1.0      none  
   SN2012hr   0.0075567   0.0078716   0.973   0.001   13.623   0.003    -9.4   0.0389   0.0039    1.374e-06    0.009   0.004      9e-06   10.21   10.32   10.45     N/A    -1.0    -1.0      none  
   SN2012ht   0.0035567   0.0046846   0.868   0.003   13.003   0.007   -13.3   0.0252   0.0025    8.234e-06   -0.016    0.01    4.9e-05    10.0    10.0    10.0   N3347   31.91    0.04         c  
   SN2012id   0.0157367   0.0155401   0.824   0.033   15.264   0.064     2.9   0.4255   0.0426   -0.0002267    0.055   0.078   0.004096    9.85   10.01   10.16     N/A    -1.0    -1.0      none  
   SN2012ij     0.01099    0.012107   0.536   0.008    15.52   0.012    -4.2   0.0235   0.0024    2.708e-05    0.257   0.017   0.000144     9.8    9.94   10.11     N/A    -1.0    -1.0      none  
    SN2013E   0.0094067   0.0104565   1.131   0.004   13.768   0.003    -9.8   0.0843   0.0084   -5.178e-08    0.075   0.004      9e-06    9.83    9.96    9.99     N/A    -1.0    -1.0      none  
    SN2013H   0.0154767   0.0158792   1.048   0.005   15.638   0.004   -10.5   0.1134   0.0113     6.55e-06    0.186   0.005    1.6e-05   10.32    10.5    10.6     N/A    -1.0    -1.0      none  
    SN2013M     0.03493   0.0357427   0.943   0.004   16.617   0.008    -7.2   0.0719   0.0072     1.03e-05    0.023    0.01    6.4e-05   10.73    10.9   11.04     N/A    -1.0    -1.0      none  
    SN2013U   0.0344833   0.0356518   1.239   0.011   17.003   0.008    -4.0   0.0245   0.0025    9.518e-06    0.172    0.01    6.4e-05   10.15   10.27   10.31     N/A    -1.0    -1.0      none  
   SN2013aa   0.0039967   0.0046654   1.002   0.002   11.101   0.003    -4.8   0.1458   0.0146    2.244e-06   -0.068   0.004      9e-06    9.85    9.99   10.12     N/A    -1.0    -1.0      none  
   SN2013aj     0.00912   0.0100653     0.8   0.004   14.092   0.005    -4.8   0.0316   0.0032    5.342e-06    0.052   0.006    2.5e-05    9.82    9.99   10.38     N/A    -1.0    -1.0      none  
   SN2013as   0.0684526   0.0696439    1.01   0.022   18.323   0.054     4.8   0.0336   0.0034   -3.678e-05      0.0   0.067   0.002916    8.43    8.59    8.95     N/A    -1.0    -1.0      none  
   SN2013ay   0.0157167   0.0156526   0.494   0.019   16.296   0.068     7.5   0.0622   0.0062   -8.468e-05    0.531   0.082   0.004624   10.64   10.72   10.82     N/A    -1.0    -1.0      none  
   SN2013az   0.0372533    0.037464   0.768   0.025   17.237   0.052     2.3   0.0271   0.0027   -2.999e-05    0.089   0.064   0.002704   10.93   10.99   11.07     N/A    -1.0    -1.0      none  
   SN2013bc     0.02245    0.023528   0.481   0.023    18.19   0.054     0.9   0.0407   0.0041   -1.345e-05    0.735   0.067   0.002916   10.28   10.47   10.55     N/A    -1.0    -1.0      none  
   SN2013bz     0.01915   0.0201818   1.152   0.009   15.445   0.007    -5.1   0.0377   0.0038    -1.31e-05    0.152   0.009    4.9e-05    9.94    9.98   10.04     N/A    -1.0    -1.0      none  
   SN2013cg   0.0079467    0.009009   0.966   0.024   13.847   0.062     4.8   0.0749   0.0075   -8.731e-05    0.087   0.075   0.003844    9.98   10.13   10.27     N/A    -1.0    -1.0      none  
   SN2013ct      0.0038   0.0027369   1.002   0.006   11.843    0.01    22.7   0.0244   0.0024   -1.307e-05    0.064   0.012     0.0001    8.57    8.72    8.89     N/A    -1.0    -1.0      none  
   SN2013dy    0.003889   0.0028843   1.112   0.006   12.748   0.004   -16.4    0.132   0.0132   -1.348e-07    0.205   0.006    1.6e-05    10.0    10.0    10.0   N7250    31.5    0.08         c  
   SN2013fy   0.0308467   0.0301903   1.174   0.011   16.263   0.006    -5.7    0.023   0.0023   -4.089e-06     0.01   0.008    3.6e-05   10.77   10.86   10.96     N/A    -1.0    -1.0      none  
   SN2013fz   0.0205933   0.0205517   1.015   0.004   15.414   0.003    -2.7   0.0119   0.0012    1.507e-06   -0.002   0.004      9e-06   10.61   10.69   10.77     N/A    -1.0    -1.0      none  
   SN2013gv   0.0340967   0.0334585   0.845   0.008    16.76   0.009    -6.3   0.1434   0.0143    3.014e-05   -0.025   0.012    8.1e-05   11.16   11.27   11.56     N/A    -1.0    -1.0      none  
   SN2013gy   0.0140133   0.0135587   0.911   0.003   14.697   0.005   -15.4   0.0485   0.0049    4.435e-06   -0.008   0.006    2.5e-05    8.98     9.0    9.16     N/A    -1.0    -1.0      none  
   SN2013hh     0.01298   0.0141046   1.203   0.028   17.186   0.052     0.9   0.0247   0.0025   -2.767e-05    0.557   0.066   0.002704    9.41    9.59    9.69     N/A    -1.0    -1.0      none  
   SN2013hn     0.01513   0.0160268   0.821   0.026   14.884   0.054     1.4   0.0529   0.0053   -7.997e-05   -0.069   0.067   0.002916   10.84   10.99   11.07     N/A    -1.0    -1.0      none  
    SN2014D   0.0081733   0.0092489   0.958   0.023   17.251   0.056     2.7   0.0257   0.0026   -6.518e-05    0.566   0.069   0.003136    8.15    8.26    8.38     N/A    -1.0    -1.0      none  
    SN2014I   0.0299933   0.0302041   0.916   0.003   16.294   0.005    -7.3   0.0207   0.0021    5.029e-06   -0.022   0.006    2.5e-05   10.76    10.9   11.31     N/A    -1.0    -1.0      none  
    SN2014Z     0.02126   0.0209246    0.98   0.029   15.538   0.048     1.9   0.0246   0.0025   -5.976e-05   -0.019    0.06   0.002304   10.66   10.75   10.81     N/A    -1.0    -1.0      none  
   SN2014ao   0.0140733    0.015028   0.881   0.005   16.914   0.006    -1.7   0.0282   0.0028   -9.665e-07    0.598   0.008    3.6e-05   10.47   10.57   10.74     N/A    -1.0    -1.0      none  
   SN2014at     0.03222    0.031543   0.948   0.004   16.386   0.006    -5.5   0.0164   0.0016    8.579e-06   -0.042   0.008    3.6e-05   11.08   11.25    11.4     N/A    -1.0    -1.0      none  
   SN2014ba   0.0058367   0.0049902   0.338   0.021   16.134   0.071     6.7   0.0102    0.001   -3.153e-05    0.944    0.09   0.005041   10.56   10.64   11.06     N/A    -1.0    -1.0      none  
   SN2014dl   0.0329433   0.0331433   1.227   0.013   16.028   0.005    -7.8   0.0547   0.0055    2.404e-05    0.019   0.007    2.5e-05    9.19    9.48    9.68     N/A    -1.0    -1.0      none  
   SN2014dn   0.0221733   0.0221408   0.465   0.005    17.66   0.008    -0.1   0.0161   0.0016   -1.148e-06    0.653    0.01    6.4e-05   10.58   10.65   10.72     N/A    -1.0    -1.0      none  
   SN2014eg     0.01862    0.018331   1.183    0.01   15.511   0.007    -5.9   0.0257   0.0026   -3.202e-06    0.247   0.009    4.9e-05   11.47   11.62   11.73     N/A    -1.0    -1.0      none  
    SN2015F   0.0048867   0.0052804   0.885   0.003   12.751   0.006   -14.6   0.1749   0.0175    8.605e-06     0.05   0.008    3.6e-05    10.0    10.0    10.0   N2442   31.51    0.05         c  
  SNhunt281   0.0040667    0.004706   0.692   0.003   13.694   0.005   -12.0   0.0454   0.0045    3.535e-06     0.04   0.007    2.5e-05    9.66    9.75    9.85     N/A    -1.0    -1.0      none  
