        sn       zhel       zcmb      st     est     Mmax   eMmax      t0    EBVmw   eEBVmw        covMs       BV     eBV    covBV_M      ml       m              mu    host      dist    edist   caltype  
  SN2001el   0.003896   0.003676   0.952   0.006   12.818   0.009   -10.9   0.0121   0.0012    1.723e-05    0.165   0.011   0.000117   10.49   10.49       10.486288   N1448   31.2757    0.055         t  
  SN2004ef   0.030967    0.02977   0.816   0.003   16.863   0.004    -9.0   0.0458   0.0046    4.988e-06     0.13   0.005    2.5e-05    10.9    10.9   10.8975354675     N/A      -1.0     -1.0      none  
  SN2004eo    0.01569   0.014737   0.818   0.005   15.113   0.007   -12.3    0.093   0.0093    1.176e-05     0.05   0.011   0.000113   11.13   11.13    11.131664945     N/A      -1.0     -1.0      none  
  SN2004ey   0.015777   0.014627    1.01   0.003   14.777   0.002    -8.9   0.1197    0.012    2.232e-06   -0.043   0.003      8e-06   10.04   10.04   10.0404512448     N/A      -1.0     -1.0      none  
  SN2004gc   0.032078   0.030713   0.923   0.023   16.758   0.063     4.6   0.1781   0.0178   -4.775e-05    0.182   0.078   0.006085   10.52   10.52   10.5173947285     N/A      -1.0     -1.0      none  
  SN2004gs   0.026627   0.028277   0.689   0.004   17.164   0.005    -3.9   0.0257   0.0026    3.039e-06    0.195   0.007      5e-05   10.78   10.78    10.784639013     N/A      -1.0     -1.0      none  
  SN2004gu   0.045827   0.046897    1.25   0.011   17.434   0.013    -0.8   0.0223   0.0022   -2.754e-05    0.154   0.016    0.00025   10.45   10.45   10.4473776733     N/A      -1.0     -1.0      none  
   SN2005A   0.019127    0.01834   0.963   0.011   18.118    0.02    -3.6   0.0259   0.0026    1.222e-05    1.001   0.025   0.000625    11.3    11.3   11.2995415307     N/A      -1.0     -1.0      none  
   SN2005M   0.021997    0.02558   1.208   0.002   15.939   0.002    -8.3   0.0273   0.0027    1.711e-06    0.032   0.003      8e-06   10.32   10.32   10.3157163725     N/A      -1.0     -1.0      none  
   SN2005W   0.008883    0.00795   0.923   0.008   14.198   0.006    -7.8   0.0615   0.0062    1.183e-05    0.164   0.008    7.2e-05   10.56   10.56   10.5577535175     N/A      -1.0     -1.0      none  
  SN2005ag    0.07937    0.08008    1.19   0.007   18.423   0.005    -1.0   0.0331   0.0033   -1.913e-05    -0.02   0.007      5e-05   11.43   11.43   11.4349360493     N/A      -1.0     -1.0      none  
  SN2005al   0.012393   0.013287   0.858   0.003   14.881   0.005    -1.0   0.0483   0.0048   -1.608e-06   -0.055   0.007      5e-05   10.73   10.73    10.730334537     N/A      -1.0     -1.0      none  
  SN2005am   0.007893   0.008967   0.725   0.003   13.685   0.004    -0.4   0.0433   0.0043   -6.263e-07    0.066   0.006    3.2e-05    11.0    11.0   10.9996781218     N/A      -1.0     -1.0      none  
  SN2005be      0.035   0.035577    0.76   0.018   16.943   0.055     6.4   0.0294   0.0029     -5.4e-05    0.029   0.067   0.004546    10.7    10.7    10.701107715     N/A      -1.0     -1.0      none  
  SN2005bg    0.02307   0.024157   1.002   0.027   15.873   0.049     2.7   0.0264   0.0026   -0.0001614    0.045   0.061    0.00377   10.25   10.25   10.2463611311     N/A      -1.0     -1.0      none  
  SN2005bl   0.024043   0.025113   0.387   0.012   18.511    0.03    -6.4    0.025   0.0025    0.0001085    0.705   0.037   0.001384    11.2    11.2    11.196731076     N/A      -1.0     -1.0      none  
  SN2005bo   0.013887   0.015013    0.85   0.007   15.669   0.005    -0.3   0.0396    0.004   -8.452e-06    0.246   0.007      5e-05   10.59   10.59   10.5857894737     N/A      -1.0     -1.0      none  
  SN2005el     0.0149   0.014883    0.84   0.004   14.886   0.007    -7.1   0.0976   0.0098    7.911e-06    -0.06    0.01    9.8e-05   10.94   10.94   10.9443259544     N/A      -1.0     -1.0      none  
  SN2005eq   0.028957    0.02835   1.125   0.011   16.312   0.007    -3.9   0.0629   0.0063   -1.342e-05    0.071    0.01    9.8e-05   10.88   10.88   10.8832348984     N/A      -1.0     -1.0      none  
  SN2005hc   0.045907   0.044497   1.193   0.006   17.319   0.004    -4.7    0.028   0.0028   -2.854e-06    0.014   0.006    3.2e-05   10.81   10.81   10.8118195051     N/A      -1.0     -1.0      none  
  SN2005hj    0.05696    0.05674    1.28   0.016    17.78   0.009    -3.0   0.0329   0.0033    -2.63e-05    0.085   0.013   0.000162    9.71    9.71   9.71024831658     N/A      -1.0     -1.0      none  
  SN2005iq    0.03402    0.03293   0.872   0.004   16.794   0.006    -5.5   0.0185   0.0019    1.641e-05    -0.02   0.008    6.1e-05   10.64   10.64   10.6383842399     N/A      -1.0     -1.0      none  
  SN2005ir   0.076307   0.075233   1.121   0.021   18.433    0.01    -2.8   0.0265   0.0027    6.076e-05    0.081   0.015   0.000221   10.21   10.21   10.2129957576     N/A      -1.0     -1.0      none  
  SN2005kc    0.01511    0.01389   0.899   0.006   15.582   0.007   -10.6   0.1137   0.0114    1.227e-05     0.24    0.01    9.8e-05    11.0    11.0    11.000705741     N/A      -1.0     -1.0      none  
  SN2005ke   0.004877   0.004483   0.419   0.004   14.791   0.008    -9.7     0.02    0.002    4.686e-06     0.65   0.011   0.000128   10.53   10.53   10.5341263584     N/A      -1.0     -1.0      none  
  SN2005ki   0.019193    0.02037   0.825   0.003   15.572   0.005   -10.0   0.0267   0.0027    3.507e-06   -0.024   0.006    4.1e-05   11.16   11.16   11.1608233967     N/A      -1.0     -1.0      none  
  SN2005ku   0.045407   0.044183    0.95    0.04   17.534   0.063     0.4   0.0461   0.0046   -5.746e-05    0.102    0.08    0.00637   10.14   10.14   10.1357060987     N/A      -1.0     -1.0      none  
  SN2005lu   0.031987   0.031293    1.13   0.034   17.292   0.058     9.3   0.0218   0.0022    -5.62e-05    0.238   0.072   0.005213   10.49   10.49   10.4882679012     N/A      -1.0     -1.0      none  
  SN2005mc   0.025203   0.026007    0.64   0.025   17.223   0.056     2.4   0.0379   0.0038   -4.125e-05    0.303   0.069   0.004736   10.86   10.86   10.8631418907     N/A      -1.0     -1.0      none  
  SN2005na   0.026303   0.026813   0.957   0.006   16.005   0.007    -1.9   0.0681   0.0068    1.961e-06    0.001   0.009    8.5e-05   11.12   11.12   11.1212433446     N/A      -1.0     -1.0      none  
   SN2006D    0.00852    0.00964   0.815   0.003   14.184   0.005    -6.0   0.0394   0.0039     3.35e-06      0.1   0.006    4.1e-05   10.05   10.05   10.0549572837     N/A      -1.0     -1.0      none  
   SN2006X   0.005237    0.00632   0.968   0.006   15.261    0.01   -10.9   0.0228   0.0023     8.81e-06    1.245   0.013   0.000164   11.25   11.25   11.2488022965     N/A      -1.0     -1.0      none  
  SN2006ax   0.016727   0.017957   0.987   0.004   15.026   0.005   -11.8    0.041   0.0041     7.59e-06   -0.052   0.006    4.1e-05   10.84   10.84   10.8416301771     N/A      -1.0     -1.0      none  
  SN2006bd   0.025707   0.026797   0.376   0.013   18.835   0.044    -1.2   0.0231   0.0023    5.822e-05    0.805   0.051   0.002561   11.03   11.03   11.0254231061     N/A      -1.0     -1.0      none  
  SN2006bh    0.01084   0.010493   0.802   0.003   14.358   0.003    -4.9   0.0228   0.0023    2.827e-06   -0.014   0.004    1.8e-05   10.78   10.78   10.7796455451     N/A      -1.0     -1.0      none  
  SN2006br   0.024573   0.025523   0.909   0.029   18.947   0.075     7.3   0.0197    0.002   -4.505e-05    0.938   0.091   0.008329   11.02   11.02   11.0155752426     N/A      -1.0     -1.0      none  
  SN2006ef    0.01787   0.017027   0.837    0.02   15.396    0.07    10.0   0.0201    0.002   -3.546e-05   -0.018   0.085   0.007204   10.52   10.52   10.5153792461     N/A      -1.0     -1.0      none  
  SN2006ej   0.020437   0.019337   0.829   0.018   15.725   0.053     5.3   0.0296    0.003   -6.679e-06    0.028   0.065   0.004253   11.03   11.03   11.0260859817     N/A      -1.0     -1.0      none  
  SN2006eq   0.049467   0.048367   0.621   0.025   18.534   0.065     2.4   0.0416   0.0042   -4.031e-05    0.274    0.08   0.006341   10.34   10.34   10.3425570649     N/A      -1.0     -1.0      none  
  SN2006et   0.022157   0.021647   1.093   0.008    15.98   0.005    -7.5   0.0165   0.0017    7.139e-07    0.161   0.008    6.1e-05   11.02   11.02   11.0159347107     N/A      -1.0     -1.0      none  
  SN2006ev   0.028713     0.0276   0.845   0.019   17.128   0.053     3.7   0.0759   0.0076   -1.959e-05    0.211   0.066    0.00433   11.05   11.05   11.0498711427     N/A      -1.0     -1.0      none  
  SN2006fw   0.082943   0.081987   0.888   0.049   19.065   0.048    -2.3    0.028   0.0028    0.0005528    0.083   0.073   0.005329   11.07   11.07   11.0672592311     N/A      -1.0     -1.0      none  
  SN2006gj   0.028333   0.026967   0.656   0.007   17.647   0.009    -1.8   0.0705    0.007    2.585e-06    0.283   0.012   0.000145   10.74   10.74   10.7407073619     N/A      -1.0     -1.0      none  
  SN2006gt    0.04474   0.043643   0.562   0.011   18.212   0.012    -2.3   0.0323   0.0032    1.414e-05    0.237   0.016   0.000244   10.19   10.19   10.1889617185     N/A      -1.0     -1.0      none  
  SN2006hb   0.015333   0.015337   0.673   0.018   15.525   0.049     4.3   0.0236   0.0024   -1.568e-05    0.152   0.061   0.003697   10.55   10.55   10.5543157081     N/A      -1.0     -1.0      none  
  SN2006hx   0.045463   0.044403   0.988   0.017   17.556   0.022    -9.2   0.0256   0.0026    0.0001176    0.149   0.032   0.001013    10.5    10.5   10.5044297231     N/A      -1.0     -1.0      none  
  SN2006is   0.031333    0.03142   1.327   0.026   16.094   0.055     0.4    0.029   0.0029   -9.504e-05   -0.026   0.068   0.004625   11.03   11.03   11.0332041693     N/A      -1.0     -1.0      none  
  SN2006kf   0.021287     0.0208   0.735   0.004   15.955   0.006    -4.8   0.2097    0.021    6.405e-06    0.013   0.008    6.1e-05   10.91   10.91     10.91187513     N/A      -1.0     -1.0      none  
  SN2006lu   0.053367   0.054397   1.051   0.022   17.519   0.052     5.0   0.0986   0.0099   -1.937e-05   -0.014   0.065   0.004225   10.52   10.52   10.5200251648     N/A      -1.0     -1.0      none  
  SN2006mr   0.005867    0.00551   0.239   0.004   15.261   0.022    -4.4   0.0179   0.0018     1.36e-05    0.671    0.03   0.000925   11.53   11.53   11.5311617224   N1316      -1.0     -1.0         t  
  SN2006ob   0.059197   0.058257    0.72   0.012   18.266   0.016    -3.1   0.0285   0.0029    2.546e-05    0.094   0.023   0.000512   11.27   11.27   11.2657274266     N/A      -1.0     -1.0      none  
  SN2006os   0.032787    0.03208   0.914   0.024   17.612   0.057     0.9   0.1254   0.0125   -1.266e-05    0.326   0.071   0.005013   11.04   11.04   11.0415795479     N/A      -1.0     -1.0      none  
  SN2006py    0.05786   0.056643    0.95   0.026   17.921   0.021    -1.6   0.0518   0.0052    8.373e-05    0.108   0.026   0.000697   10.14   10.14   10.1410036304     N/A      -1.0     -1.0      none  
   SN2007A   0.017633   0.016463   1.012   0.011   15.712   0.008    -4.9   0.0631   0.0063    4.439e-05    0.207   0.011   0.000113   10.58   10.58   10.5796185257     N/A      -1.0     -1.0      none  
   SN2007N    0.01287      0.014   0.312   0.008   18.013   0.021    -0.6   0.0343   0.0034    2.231e-05    0.938   0.025    0.00061    10.3    10.3    10.295218952     N/A      -1.0     -1.0      none  
   SN2007S    0.01387   0.015023   1.115   0.009   15.809    0.01   -10.8   0.0224   0.0022    2.014e-06      0.4   0.012   0.000149   10.11   10.11   10.1071514991     N/A      -1.0     -1.0      none  
  SN2007ai    0.03164   0.031987   1.229   0.013   17.037    0.01    -0.7    0.286   0.0286   -1.578e-05    0.194   0.013   0.000164   11.11   11.11   11.1061087008     N/A      -1.0     -1.0      none  
  SN2007al   0.012113   0.013263   0.336   0.022   17.296    0.06    -0.2    0.036   0.0036     1.49e-05    0.681   0.062   0.003825     9.6     9.6   9.59612822077     N/A      -1.0     -1.0      none  
  SN2007as    0.01756   0.017897   0.885   0.005    15.48   0.006    -0.5   0.1229   0.0123    4.199e-07    0.088   0.008    6.1e-05   10.39   10.39   10.3882450291     N/A      -1.0     -1.0      none  
  SN2007ax   0.006857   0.007637   0.355   0.011    16.19   0.023    -2.8   0.0446   0.0045    0.0001067    0.682    0.03   0.000929   10.43   10.43   10.4283751249     N/A      -1.0     -1.0      none  
  SN2007ba   0.038487   0.039053   0.544   0.007   17.764   0.012    -7.1   0.0315   0.0032     2.58e-05    0.324   0.015   0.000225   11.23   11.23    11.228005573     N/A      -1.0     -1.0      none  
  SN2007bc   0.020757    0.02185   0.876   0.006    15.85   0.007    -2.9   0.0186   0.0019    2.311e-06    0.044   0.009    8.5e-05   10.93   10.93   10.9268160507     N/A      -1.0     -1.0      none  
  SN2007bd   0.030997   0.031827    0.88   0.005   16.552   0.008    -9.6   0.0289   0.0029    2.446e-05   -0.006   0.011   0.000128   10.94   10.94   10.9364391328     N/A      -1.0     -1.0      none  
  SN2007bm   0.006207    0.00744     0.9   0.008   14.404   0.008    -0.8   0.0354   0.0035    9.198e-07    0.425   0.011   0.000128   10.72   10.72   10.7203499494     N/A      -1.0     -1.0      none  
  SN2007ca   0.014057    0.01507   1.061   0.008   15.892   0.006    -9.0    0.057   0.0057     1.67e-05    0.258   0.008    7.2e-05   10.01   10.01   10.0140165119     N/A      -1.0     -1.0      none  
  SN2007cg   0.033173   0.034168   1.103   0.048   18.212   0.077     8.1   0.0686   0.0069   -0.0004922     0.67   0.095   0.008954   10.69   10.69   10.6947152691     N/A      -1.0     -1.0      none  
  SN2007hj   0.014103   0.012882   0.603   0.005   15.613   0.005    -1.6   0.0747   0.0075    3.236e-06    0.202   0.007      5e-05   10.48   10.48   10.4829852977     N/A      -1.0     -1.0      none  
  SN2007hx    0.07976   0.078873   1.053   0.043   19.283   0.062     0.3   0.0299    0.003   -2.703e-05    0.235   0.077   0.005869   10.84   10.84   10.8351968177     N/A      -1.0     -1.0      none  
  SN2007jd   0.072583   0.071911   0.877   0.034   18.827   0.069     0.2    0.066   0.0066   -0.0001294    0.088   0.086   0.007465   10.23   10.23    10.230518664     N/A      -1.0     -1.0      none  
  SN2007jg   0.037107   0.036577   0.925   0.007   17.252   0.008    -3.0   0.0904    0.009    1.487e-05    0.038   0.011   0.000113    9.08    9.08   9.07716753605     N/A      -1.0     -1.0      none  
  SN2007jh   0.040767   0.040267   0.584   0.019   18.352   0.022    -2.9   0.0902    0.009    6.818e-05     0.34   0.029   0.000845   11.09   11.09   11.0934936975     N/A      -1.0     -1.0      none  
  SN2007le   0.006717   0.005523   1.028   0.004   13.904   0.006    -6.7   0.0287   0.0029    6.009e-06    0.318   0.008    6.1e-05    10.3    10.3   10.2959399475     N/A      -1.0     -1.0      none  
  SN2007mm   0.066354   0.068873   0.501   0.018   19.746   0.035    -7.1   0.0313   0.0031    8.608e-05    0.509   0.042   0.001754   11.38   11.38   11.3759500788     N/A      -1.0     -1.0      none  
  SN2007nq      0.045   0.043903    0.75   0.005   17.414   0.008    -1.3   0.0312   0.0031    1.885e-07    0.043    0.01     0.0001   11.38   11.38   11.3754931393     N/A      -1.0     -1.0      none  
  SN2007ol    0.05587   0.054882   0.696   0.035   18.045   0.016    -3.5   0.0215   0.0022    0.0002758    -0.07   0.028   0.000785   10.39   10.39   10.3861161983     N/A      -1.0     -1.0      none  
  SN2007on    0.00649   0.006183    0.57   0.004   13.027   0.006    -8.4   0.0098    0.001    6.047e-06    0.113   0.008    7.2e-05   11.14   11.14   11.1384733427   N1404      -1.0     -1.0         t  
  SN2007st   0.021167   0.020651   0.742   0.023   15.852    0.06     4.3   0.0143   0.0014   -7.715e-05    0.161   0.077   0.006001   11.18   11.18   11.1835547667     N/A      -1.0     -1.0      none  
  SN2007ux   0.030893   0.031996     0.6   0.008   17.397   0.007    -0.3   0.0386   0.0039   -1.053e-05    0.198   0.009    7.4e-05   10.27   10.27   10.2737223406     N/A      -1.0     -1.0      none  
   SN2008C    0.01661   0.017067   0.953   0.026   15.643   0.062     3.4    0.072   0.0072   -6.754e-05    0.173   0.077    0.00596   10.57   10.57   10.5667343983     N/A      -1.0     -1.0      none  
   SN2008O    0.03883   0.039318   0.655   0.013   18.133   0.013    -1.3   0.0763   0.0076    3.342e-07    0.303   0.017    0.00029    11.7    11.7   11.6957213266     N/A      -1.0     -1.0      none  
   SN2008R   0.013493   0.012887   0.591   0.005   15.259   0.005    -1.4   0.0618   0.0062    1.943e-06    0.119   0.008    6.1e-05   11.08   11.08   11.0755988457     N/A      -1.0     -1.0      none  
  SN2008ar    0.02613   0.027247    0.97   0.006   16.228   0.009    -7.1   0.0311   0.0031    1.942e-05    0.023   0.011    0.00013    10.4    10.4   10.3977680165     N/A      -1.0     -1.0      none  
  SN2008bc   0.015077   0.015707   1.048   0.004   14.748   0.003    -8.1   0.2251   0.0225    6.223e-06    -0.03   0.005    2.5e-05   10.12   10.12   10.1171366792     N/A      -1.0     -1.0      none  
  SN2008bf   0.023484   0.024554   1.024   0.005   15.712   0.004    -7.4   0.0296   0.0030    1.093e-05   -0.033   0.006    3.2e-05   11.42   11.42   11.4177604012     N/A      -1.0     -1.0      none  
  SN2008bi   0.013437   0.014388   0.485   0.028   16.931   0.111     7.3    0.037   0.0037    5.169e-05     0.51   0.132   0.017505   10.97   10.97   10.9741808267     N/A      -1.0     -1.0      none  
  SN2008bq   0.033977   0.034443   1.155   0.009   16.725   0.005    -0.2   0.0774   0.0077   -2.175e-05    0.055   0.007      5e-05   11.14   11.14   11.1403065383     N/A      -1.0     -1.0      none  
  SN2008bt   0.015353    0.01658    0.47   0.009   16.753    0.01    -1.1   0.0445   0.0044    5.945e-06    0.499   0.013   0.000164   10.99   10.99   10.9874006467     N/A      -1.0     -1.0      none  
  SN2008bz   0.060237   0.061326   0.927   0.023   17.945    0.05     1.4   0.0226   0.0023   -3.339e-05    -0.04   0.063   0.003944    10.7    10.7   10.7018685091     N/A      -1.0     -1.0      none  
  SN2008cc   0.010387   0.010122   0.789   0.017   14.174   0.053     8.5   0.0355   0.0035   -2.788e-05    0.084   0.065   0.004253   10.65   10.65   10.6536559671     N/A      -1.0     -1.0      none  
  SN2008cd   0.007407   0.008462   1.012    0.08   18.836   0.113     9.3   0.0592   0.0059    -0.003924    1.684   0.132   0.017393   10.79   10.79   10.7946015885     N/A      -1.0     -1.0      none  
  SN2008cf   0.045968   0.046827   1.121   0.036   17.071   0.051     0.8   0.0577   0.0058   -6.784e-05    0.017   0.064   0.004122   11.04   11.04   11.0428196184     N/A      -1.0     -1.0      none  
  SN2008ff   0.019193   0.018673   1.132    0.01   15.364   0.014     3.2   0.1569   0.0157   -1.652e-05    0.129   0.017   0.000277   10.81   10.81   10.8083685342     N/A      -1.0     -1.0      none  
  SN2008fl     0.0199   0.019417   0.856   0.019    15.64   0.052     3.0   0.1569   0.0157   -8.998e-06     0.06   0.064   0.004148   11.08   11.08   11.0759757221     N/A      -1.0     -1.0      none  
  SN2008fp    0.00566   0.006287   1.077   0.007   13.933   0.005    -5.5   0.1686   0.0169    1.326e-06    0.463   0.007      5e-05   10.37   10.37   10.3730264347     N/A      -1.0     -1.0      none  
  SN2008fr   0.038973   0.037906   1.059   0.024   16.834   0.054     7.6   0.0395    0.004   -3.986e-05   -0.001   0.067   0.004516   11.04   11.04   11.0385018967     N/A      -1.0     -1.0      none  
  SN2008fu    0.05237   0.051834   0.822   0.022   17.626   0.073     6.8    0.018   0.0018   -0.0001104   -0.074   0.088   0.007829    11.0    11.0   11.0005082613     N/A      -1.0     -1.0      none  
  SN2008fw   0.008543   0.009507   1.114   0.023   14.002   0.049     9.1   0.1123   0.0112   -4.231e-05    0.064   0.061    0.00377    11.6    11.6   11.6021338615     N/A      -1.0     -1.0      none  
  SN2008gg   0.031993   0.031066   1.114   0.027   16.554   0.051     3.4   0.0195    0.002   -4.859e-05    0.141   0.064   0.004045   10.78   10.78   10.7767884152     N/A      -1.0     -1.0      none  
  SN2008gl   0.033993   0.032946   0.851   0.004   16.809   0.004    -2.9   0.0244   0.0024    4.414e-06    0.035   0.006    3.2e-05   11.06   11.06   11.0611807323     N/A      -1.0     -1.0      none  
  SN2008go   0.062367   0.061313   0.912   0.023   18.033   0.007    -0.5    0.032   0.0032    2.488e-06     0.04    0.01    9.8e-05   11.11   11.11    11.113829727     N/A      -1.0     -1.0      none  
  SN2008gp    0.03339   0.032823   0.973   0.005   16.438   0.007   -10.6   0.1042   0.0104    8.298e-06   -0.005   0.009    8.5e-05   10.94   10.94   10.9354463729     N/A      -1.0     -1.0      none  
  SN2008hj   0.037867   0.036722   1.011   0.006    16.78   0.005    -6.3   0.0303    0.003    9.609e-06      0.0   0.007      5e-05   10.41   10.41   10.4096284578     N/A      -1.0     -1.0      none  
  SN2008hu   0.049666   0.050526   0.786   0.008   17.838   0.015     0.2   0.0921   0.0092   -2.648e-05    0.014   0.019   0.000346   11.38   11.38   11.3794921376     N/A      -1.0     -1.0      none  
  SN2008hv    0.01254    0.01358   0.846   0.003   14.736   0.006   -10.7   0.0279   0.0028    9.466e-06    -0.03   0.008    6.1e-05   10.87   10.87   10.8677541353     N/A      -1.0     -1.0      none  
  SN2008ia   0.021983    0.02254   0.843   0.004   15.875   0.006    -3.7   0.1954   0.0195    8.762e-06   -0.037   0.009    8.5e-05   11.02   11.02   11.0211425971     N/A      -1.0     -1.0      none  
   SN2009D    0.02499   0.024654   1.186   0.006   15.759   0.004    -6.5   0.0441   0.0044   -8.095e-07   -0.019   0.006    3.2e-05   10.59   10.59   10.5915916519     N/A      -1.0     -1.0      none  
   SN2009F   0.012947    0.01291   0.328   0.008   16.921   0.016    -4.8   0.0895   0.0089    2.457e-05     0.55   0.021   0.000425   10.76   10.76   10.7562755113     N/A      -1.0     -1.0      none  
   SN2009I    0.02615   0.025431   1.064   0.019   18.177   0.015    -3.6   0.0272   0.0027   -1.198e-05    0.639   0.019   0.000369   10.77   10.77   10.7673906038     N/A      -1.0     -1.0      none  
   SN2009P   0.025087    0.02632   1.093    0.03   17.018   0.019    -0.9   0.0415   0.0042   -0.0001906    0.387   0.024   0.000586   10.12   10.12   10.1241803503     N/A      -1.0     -1.0      none  
   SN2009Y   0.009347   0.010103   1.189   0.008   14.008   0.007    -6.9   0.0873   0.0087    9.033e-06     0.15   0.011   0.000113   11.03   11.03   11.0263329044     N/A      -1.0     -1.0      none  
  SN2009aa    0.02729   0.028481   0.906   0.004    16.32   0.006    -8.9   0.0295   0.0029     8.65e-06    0.019   0.008    7.2e-05   11.03   11.03   11.0303009273     N/A      -1.0     -1.0      none  
  SN2009ab   0.011163   0.010862   0.874   0.005   14.708   0.006    -9.1   0.1838   0.0184    1.606e-05    0.045   0.008    7.2e-05   10.53   10.53   10.5266772588     N/A      -1.0     -1.0      none  
  SN2009ad    0.02838   0.028317   1.015   0.006   16.191   0.006    -7.7   0.0953   0.0095    9.946e-06     0.03   0.008    7.2e-05   10.69   10.69   10.6929417706     N/A      -1.0     -1.0      none  
  SN2009ag   0.008633   0.009248   0.961   0.007   14.597    0.01    -1.5    0.218   0.0218    4.109e-06    0.162   0.013   0.000181   10.53   10.53   10.5278664827     N/A      -1.0     -1.0      none  
  SN2009al    0.02209   0.023276   1.174   0.041   16.158   0.064    -3.4   0.0212   0.0021    5.282e-05    0.137   0.079   0.006305   10.82   10.82   10.8178134961     N/A      -1.0     -1.0      none  
  SN2009cz   0.021123   0.021979   1.189   0.012   15.712   0.008    -5.9   0.0221   0.0022   -1.703e-06    0.024   0.011   0.000113    11.0    11.0   10.9962051285     N/A      -1.0     -1.0      none  
  SN2009ds   0.019247   0.020466   1.125    0.02   15.496   0.008    -8.7   0.0332   0.0033    4.033e-06    0.102   0.012   0.000145   10.96   10.96   10.9609364096     N/A      -1.0     -1.0      none  
  SN2009le   0.017773   0.017027   1.156   0.021   15.364   0.005   -10.1   0.0143   0.0014    9.491e-06    0.133   0.008    6.1e-05   10.92   10.92   10.9212964682     N/A      -1.0     -1.0      none  
  SN2012fr      0.005   0.004676   1.122   0.005   11.958   0.004   -12.7   0.0177   0.0018    1.719e-06    0.002   0.006    3.2e-05   11.01   11.01       11.007528     N/A   31.2918   0.0672      none  
 